15.4066	-0.452633
22.9401	-0.652063
20.6216	-0.732743
24.3016	-0.576775
20.2934	-0.577804
18.8771	-0.693741
17.4703	-0.757996
21.867	-0.553407
18.5977	-0.58663
19.1084	-0.669415
17.0404	-0.514463
21.2397	-0.552084
18.0256	-0.618228
17.045	-0.714427
20.2655	-0.648586
51.928	-1.90855
114.666	-1.98764
143.174	-1.95052
205.425	-2.14695
235.932	-2.11743
276.922	-1.9554
271.141	-1.9353
277.858	-1.84569
234.831	-1.94347
197.686	-1.94014
214.822	-1.83731
217.695	-1.90718
223.421	-1.81905
224.371	-1.83634
233.173	-1.92111
232.134	-1.9854
237.468	-1.94577
240.324	-1.96607
243.894	-1.87628
228.071	-1.92741
233.464	-1.8775
543.716	-1.4348
944.417	-1.54092
1008.26	-1.37779
1101.89	-1.2585
1095.94	-1.21596
965.435	-1.41018
946.365	-1.38354
1042.61	-1.13344
888.911	-1.24911
819.724	-1.17445
658.793	-1.0427
264.433	-0.789807
406.686	-0.513904
570.057	-0.753313
794.743	-0.551285
1097.41	-0.0393328
1155.41	0.0909449
1056.5	0.0487111
933.248	-0.116708
878.259	-0.199994
741.986	-0.418322
437.271	-0.861091
113.317	-1.20117
88.2168	-1.35766
117.786	-1.50813
134.616	-1.66992
158.466	-1.6643
150.544	-1.76429
163.243	-1.74886
178.899	-1.73442
177.132	-1.72684
268.882	-1.56621
453.128	-1.6052
575.437	-1.57048
638.602	-1.40774
649.336	-1.30565
655.674	-1.23102
620.193	-1.09766
550.625	-0.95439
395.749	-0.769552
238.812	-0.623728
181.889	-0.241368
116.445	-0.310435
150.912	-0.33073
177.267	-0.40313
241.725	-0.386066
241.091	-0.725488
280.896	-0.906821
361.972	-0.890657
472.986	-0.870653
512.175	-1.01475
462.839	-1.23133
320.952	-1.45514
155.047	-1.77138
101.372	-1.84795
82.6873	-2.00048
75.0219	-2.01379
62.4038	-1.89132
107.406	-1.08713
98.3464	-0.951975
77.2009	-0.728468
124.343	0.311961
130.599	-0.0271868
135.48	0.352851
111.378	0.306287
39.2785	-0.448526
26.9843	-0.469891
25.4709	-0.762807
31.0124	-0.943164
94.4809	-1.89589
128.558	-2.11766
164.593	-1.8852
657.865	-0.560789
687.373	-0.857252
356.632	-1.57796
239.156	-1.85902
167.055	-1.85764
94.3961	-1.96545
65.2249	-1.71664
47.7093	-1.31934
45.7633	-1.2392
47.3579	-0.619468
44.4905	-0.151667
52.7469	-0.00458794
51.4636	0.452669
73.0258	0.867997
87.3024	0.960251
120.678	1.42145
130.902	1.04964
111.714	0.702025
76.6004	0.658096
76.001	0.0729934
53.2899	0.0046235
31.9756	-0.431247
22.58	-0.630054
23.4295	-0.338015
20.846	-0.610516
18.5572	-0.612432
21.2207	-0.7353
26.5362	-0.695103
34.8668	-0.594908
43.3443	-0.987545
111.301	-1.20179
488.756	-1.14016
89.5158	-1.27347
33.654	-1.42587
267.419	-0.149124
514.347	-0.680716
740.332	-1.1276
793.581	-1.0577
774.535	-1.13292
728.098	-1.20861
675.039	-1.29083
652.519	-1.27283
737.624	-1.01649
732.634	-1.06047
554.326	-1.45675
532.589	-1.5366
482.323	-1.73048
401.891	-1.8525
352.768	-1.92123
409.664	-1.9276
360.201	-2.04386
301.195	-2.04896
110.766	-1.87552
37.8702	-1.79953
39.2248	-1.64555
33.3987	-1.67662
35.9847	-1.64922
33.3161	-1.62721
28.3295	-1.46022
39.6052	-0.89456
86.9724	-0.240986
35.7058	-0.931303
38.8921	-1.10511
33.5211	-1.2674
38.4399	-1.18863
42.51	-1.21994
53.1669	-1.62985
69.0385	-1.86341
102.456	-1.81248
166.541	-1.8161
143.865	-1.94908
118.238	-1.51126
115.425	-1.91655
360.352	-2.16457
134.722	-1.65644
104.419	-1.38378
50.8119	-1.59037
62.6391	-2.17443
46.942	-1.93515
45.0592	-1.91615
38.5075	-1.76616
36.9657	-1.57292
30.678	-1.56916
32.044	-1.32718
29.0888	-1.3517
24.4365	-1.18488
25.5585	-1.05954
21.6187	-0.798883
19.5091	-0.67816
21.8553	-0.508624
20.3046	-0.555351
22.5895	-0.722114
19.9239	-0.617895
15.756	-0.439123
19.4722	-0.560719
20.2707	-0.606696
19.7119	-0.450594
14.5762	-0.676215
20.7745	0.191544
24.8559	-0.0349025
15.1086	-0.659329
14.4633	-0.48536
13.9995	-0.680114
16.3905	-0.647722
16.221	-0.722941
14.8861	-0.648011
14.5479	-0.469808
15.3259	-0.263786
21.165	-0.530445
391.231	-0.33849
359.586	-0.258326
501.333	-1.27923
594.799	-1.18332
232.43	-1.10002
222.904	-0.745546
405.583	-0.989341
571.537	-1.3287
720.818	-1.33033
779.125	-1.34137
838.82	-1.29733
803.491	-1.39366
843.098	-1.25651
805.786	-1.21992
661.475	-1.2636
586.146	-1.22331
466.869	-1.14359
347.576	-1.14867
284.467	-1.15928
237.766	-1.15072
219.3	-1.06423
215.064	-1.03312
263.889	-0.83202
377.526	-0.503895
516.72	-0.429737
720.028	-0.347016
956.027	-0.355644
1247.32	-0.415998
1297.67	-0.619942
1052.44	-0.830789
781.16	-1.05245
564.525	-1.16966
453.543	-1.2067
396.16	-1.23129
370.749	-1.50312
292.098	-2.13446
158.663	-2.31086
84.2668	-1.59276
272.336	-1.39836
393.868	-1.85755
313.711	-2.10994
210.909	-1.50063
460.052	-1.69078
712.3	-1.79703
952.353	-1.47458
1134.8	-1.25162
1351.8	-1.13674
1615.91	-0.949314
1622.53	-1.01201
1747.91	-0.899661
1762.47	-0.912501
1688.27	-1.00542
1642.62	-1.04736
1506.84	-1.16314
1287.02	-1.33317
1051.63	-1.50803
840.938	-1.44083
666.969	-1.4037
608.891	-1.36337
587.583	-1.34645
393.07	-1.58697
220.305	-1.64893
221.358	-1.65723
219.232	-1.69136
200.093	-1.77157
239.98	-1.65026
245.815	-1.7346
445.39	-1.46579
660.443	-1.1767
639.001	-1.18968
536.256	-1.34924
362.465	-1.55912
210.416	-1.50848
148.78	-1.73046
139.847	-1.80618
124.996	-1.83448
104.676	-1.80539
74.6536	-1.91509
87.1792	-1.83186
58.2678	-1.86231
36.1169	-1.43957
20.0211	-1.05993
20.6977	-1.09599
19.958	-0.96951
177.823	-0.481776
630.011	-0.330612
139.915	-0.244243
355.081	-1.62119
718.307	-1.41115
370.322	-1.75503
461.065	-2.22264
103.171	-2.26247
46.9666	-1.77069
33.6367	-1.55347
28.6969	-1.60251
45.6892	-1.1351
199.059	-0.72721
128.891	-1.02011
93.4779	-1.34622
279.986	-1.65761
529.383	-1.18583
544.445	-1.14045
447.98	-1.19145
278.105	-1.37025
112.067	-1.38416
31.2045	-1.47705
22.9274	-1.32901
24.2017	-1.21837
153.162	-0.661299
160.514	-0.708474
55.1497	-0.783016
39.1818	-1.1824
228.877	-1.62631
357.343	-1.53876
328.816	-1.68498
223.836	-1.36364
126.719	-1.22718
141.682	-0.214486
143.667	0.421665
124.357	0.619824
127.13	0.851105
134.942	1.15051
142.237	1.09638
115.89	1.08879
108.904	0.84651
112.208	0.734832
91.1104	0.406873
120.144	-1.01263
268.467	-0.806056
373.643	-0.816891
303.832	-1.10745
311.412	-0.925427
119.965	-1.14032
92.6873	-0.338949
94.6588	0.214232
85.7074	0.465026
67.1049	0.0933053
35.181	-0.156044
36.0073	-0.439142
26.9967	-0.273551
22.9243	-0.227004
23.9978	-0.266213
30.5874	-0.937268
28.8833	-0.601305
45.7124	-0.805504
160.067	-1.913
264.286	-2.22329
134.487	-2.41452
158.344	-2.2728
148.371	-1.7481
114.572	-1.83437
107.013	-1.88343
117.796	-1.63942
126.079	-1.32899
128.603	-1.06678
142.049	-0.90179
163.99	-0.803377
126.929	-1.38552
69.3557	-1.83726
54.9654	-2.07366
53.4088	-1.91087
52.5954	-1.76563
48.6304	-1.76582
39.9044	-1.74652
27.4196	-1.58747
23.922	-1.4533
22.1566	-1.33866
20.1684	-1.14554
170.551	-0.965544
111.671	-0.973618
71.7799	-0.716105
40.8363	-1.19365
54.0762	-1.90811
156.026	-1.90005
188.109	-1.9946
206.123	-2.20258
113.826	-2.26659
61.513	-1.9326
116.021	-1.44033
173.249	-1.49172
118.021	-1.26991
44.4387	-0.999173
19.0045	-1.18393
20.3862	-0.998807
19.4125	-1.02481
19.3992	-1.11133
50.0387	-0.948341
114.541	-1.23334
48.8172	-1.11262
184.603	-1.59256
352.025	-1.82911
400.212	-1.97873
490.972	-1.7583
528.917	-1.77485
601.072	-1.6147
576.253	-1.6511
529.338	-1.70155
394.882	-1.83819
245.559	-1.93964
99.7569	-1.72864
85.3912	-1.73956
71.6659	-1.76176
54.9229	-1.89178
43.4745	-1.89876
40.2266	-1.99994
43.5048	-1.89822
32.6861	-1.76236
32.6725	-1.57022
23.6886	-1.4894
24.1369	-1.3356
19.875	-1.31338
19.1386	-1.30814
18.6791	-1.32939
12.1077	-0.407122
18.4351	-0.441811
18.805	-0.611942
19.1296	-0.552975
18.1883	-0.389885
18.5617	-0.533802
18.201	-0.47184
18.6952	-0.651631
23.1215	-0.783565
20.3979	-0.763321
24.4552	-0.472882
271.171	-0.369018
909.125	-0.698311
830.719	-1.00494
571.616	-1.05816
397.913	-1.14128
302.602	-0.990572
268.514	-0.481732
233.49	-0.138741
233.551	-0.114472
181.216	0.250715
223.456	0.340074
220.863	0.448943
228.534	0.362082
230.201	0.288522
265.967	0.230548
327.36	-0.0598818
254.328	0.00812253
257.82	-0.0126799
278.502	-0.0661674
227.847	-0.253743
208.732	-1.15029
533.766	-1.87578
747.233	-1.83134
795.664	-1.83725
688.405	-1.86435
457.503	-1.93284
243.391	-1.89114
232.006	-0.721051
180.968	-0.0403905
172.554	0.248103
133.94	0.622303
135.764	0.670561
129.626	0.586204
106.777	0.0561841
210.777	-0.915427
423.629	-1.12261
534.467	-1.25751
530.359	-0.992795
254.825	-1.34671
314.501	-1.63696
357.609	-1.65873
301.774	-1.7794
259.56	-1.74807
219.547	-1.73144
188.705	-1.78867
177.264	-1.82037
451.3	-1.76372
728.935	-1.91646
806.472	-1.8476
731.407	-1.73854
535.614	-1.80389
345.125	-1.73962
153.351	-1.70588
51.6729	-1.92593
33.1065	-1.43314
30.3762	-1.16352
36.7545	-1.36611
55.3861	-1.43182
36.6133	-1.79269
117.525	-2.20439
192.088	-2.26279
209.121	-2.19735
218.409	-2.03739
204.353	-1.97783
157.779	-1.9916
103.357	-2.13747
80.2573	-1.87532
74.0715	-1.62518
106.422	-0.725636
150.757	-0.337993
153.114	-0.0420418
167.013	0.0746761
120.554	0.206842
142.947	0.0998237
223.621	0.192658
176.85	-0.321169
128.342	-0.385589
258.769	-0.680043
476.006	-0.753724
551.193	-0.794824
592.335	-0.841548
574.595	-0.808645
439.824	-1.03796
286.021	-1.29294
170.667	-1.49595
107.132	-1.65305
83.9052	-1.95621
90.9719	-1.91031
81.2944	-2.10839
105.303	-1.98516
123.023	-1.85122
158.652	-1.79217
189.811	-1.73948
246.586	-1.67322
283.792	-1.67326
113.893	-1.45582
56.5035	-0.969269
155.267	-0.228446
86.0231	-0.685119
74.2031	-1.82247
456.767	-1.70917
624.635	-1.74284
838.944	-1.50817
776.031	-1.73077
878.024	-1.534
874.672	-1.42463
834.562	-1.25241
698.107	-1.11171
590.174	-0.790159
469.719	-0.397365
400.626	-0.120764
317.916	0.0314915
230.529	-0.0563323
161.967	-0.415542
111.267	-0.822037
104.305	-0.939786
93.8693	-0.941945
98.0149	-1.03359
89.035	-1.19674
99.8136	-1.14126
94.4941	-1.16317
91.9283	-1.19166
85.7532	-1.06187
90.5825	-0.609696
106.555	-0.0474657
132.234	0.491209
131.142	0.760929
145.128	0.737049
150.47	0.902973
186.981	0.94624
173.8	1.01023
134.446	0.970156
122.96	0.710081
96.3615	0.207654
57.7209	-0.267947
51.284	-0.906597
89.8359	-1.6876
297.973	-1.83747
356.007	-1.77082
485.259	-1.5759
381.007	-1.59678
535.368	-1.75457
238.344	-1.97386
455.841	-2.05437
164.844	-2.17592
250.538	-2.23463
161.796	-2.46629
120.681	-2.22234
89.8775	-2.19434
59.2924	-2.03299
41.9094	-2.01043
34.5174	-1.5983
27.5781	-1.33506
29.2984	-1.43047
24.2552	-1.32144
25.0253	-1.23325
22.0734	-0.966814
18.6036	-0.715304
17.703	-0.772379
20.0482	-0.718055
19.363	-0.605281
19.6602	-0.500861
17.1355	-0.731917
17.1778	-0.520601
22.4181	-0.709531
18.6148	-0.753055
19.115	-0.592025
21.1396	-0.431703
19.1865	-0.717789
20.5529	-0.616974
20.6576	-0.591307
17.8115	-0.708324
19.1064	-1.06184
24.6303	-1.37425
31.7386	-1.72175
36.4931	-1.57799
40.5861	-1.54342
43.48	-1.69492
34.4165	-1.71457
41.7182	-1.32459
146.627	-0.940429
118.536	-0.998367
121.978	-0.839539
150.887	-0.840981
160.25	-0.853262
137.739	-0.781615
114.825	-0.754237
120.801	-0.495271
138.686	-0.419537
118.384	-0.0507394
150.454	0.210877
159.219	0.439419
148.072	0.668073
152.979	0.37531
138.421	0.539658
149.342	0.537346
146.702	0.50256
128.182	0.118392
103.349	-0.553004
276.643	-1.25989
462.816	-1.56717
564.093	-1.54377
593.769	-1.67672
671.608	-1.57764
702.421	-1.48411
616.942	-1.53878
560.558	-1.49703
402.181	-1.61754
212.076	-1.94348
172.439	-2.00272
154.677	-2.03928
155.747	-2.07271
156.431	-2.07226
154.485	-1.92729
127.208	-2.04843
130.667	-1.9918
102.336	-2.08087
107.729	-1.97263
137.311	-1.16722
198.152	-0.261134
68.6483	-0.733333
227.003	-0.0227321
114.528	0.135634
166.458	-0.262419
254.64	-0.456458
112.134	-0.396913
109.264	-0.175417
137.202	0.0846551
357.425	-0.263647
508.567	-0.95244
1280.37	-1.18166
1294.11	-1.39798
1300.05	-1.54045
1234.67	-1.67147
1051.83	-1.87483
882.068	-1.91681
610.233	-2.0002
345.094	-1.86729
191.933	-1.13562
216.175	-0.247108
266.969	0.239159
308.09	0.297835
242.139	0.0766049
203.316	0.36418
197.059	0.567124
193.176	0.304025
281.039	-1.08634
946.343	-0.490224
1109.28	-0.0521238
979.136	0.041801
530.323	-0.0895612
151.066	-0.485878
55.4456	-1.19151
41.5504	-1.0941
31.7038	-0.94316
41.8823	-0.635989
95.4427	-0.432037
201.407	-0.728186
94.3126	-0.790535
579.045	-1.39665
805.033	-1.66831
680.365	-1.92926
601.727	-1.99777
462.985	-1.91311
205.272	-2.20543
186.231	-2.0753
195.703	-1.93437
197.518	-1.94968
157.233	-2.00762
164.169	-1.94367
155.908	-1.92445
151.014	-1.89764
171.901	-1.8265
174.159	-1.90224
145.989	-2.04056
175.036	-1.78511
155.824	-1.91943
153.918	-1.78534
136.396	-1.87372
101.602	-1.92638
70.4411	-1.71046
62.7565	-1.73444
54.2737	-1.59387
43.0423	-1.5881
41.2395	-1.63167
32.8006	-1.61259
27.5463	-1.49213
26.9948	-1.5707
26.6884	-1.1946
29.0777	-1.37826
28.9001	-1.00335
207.417	0.398113
117.838	0.330876
231.434	-0.00850838
193.356	-0.0581657
114.122	-0.270365
113.864	-0.759391
550.717	-0.513658
582.731	-0.847723
456.33	-1.49274
497.274	-1.34142
515.05	-1.18186
415.421	-0.889483
127.955	-0.788345
37.093	-1.08935
31.3366	-0.970825
25.7243	-0.972064
25.8628	-0.928987
25.7229	-0.994548
25.4322	-0.916598
24.2269	-1.01281
21.5468	-0.84643
101.925	-0.388482
101.896	-0.612978
144.857	-0.672256
245.692	-1.53318
506.982	-1.63767
624.876	-1.78807
664.162	-1.86195
511.854	-2.10667
310.716	-2.13054
198.832	-1.79873
129.394	-1.049
146.337	-0.265116
107.739	-0.0507953
84.3243	0.0203842
77.4809	0.162121
71.5432	-0.0402991
69.597	-0.128629
55.4246	-0.435265
62.4264	0.0375722
62.249	0.105032
60.1126	0.304352
97.0198	0.538866
139.765	0.568438
156.92	0.40172
103.62	-0.202469
144.301	-1.53229
86.1566	-1.62513
94.8822	-0.965052
91.9847	-1.32234
154.747	-2.1068
175.402	-2.23614
136.789	-2.33413
130.404	-2.08411
129.704	-1.91679
99.8884	-2.00744
85.7249	-1.98147
81.2988	-2.03718
81.9324	-2.07846
119.538	-1.94018
190.026	-1.90014
277.209	-1.88108
385.948	-1.72821
478.21	-1.5876
459.125	-1.77757
401.423	-1.86996
216.685	-1.99164
267.441	-2.03104
218.894	-2.05549
206.264	-2.08424
195.436	-2.03669
185.607	-2.09804
173.33	-2.07035
157.911	-2.05052
127.613	-1.99685
66.4187	-1.77858
29.3044	-1.42346
20.5153	-1.12545
23.4767	-0.83382
25.12	-1.02584
23.2747	-1.03116
25.1303	-0.9277
20.9809	-1.00428
28.6253	-0.444385
82.2672	-0.276861
31.2615	-0.390078
35.2056	0.104637
59.5944	0.436349
96.7	0.554937
98.3944	0.0992276
98.8199	0.283384
116.245	0.175464
97.5519	0.262347
95.8145	0.581975
92.8657	0.606309
96.4659	0.115327
97.6915	0.038012
71.8898	0.184438
56.9234	0.148638
41.8771	0.235131
34.0469	-0.132047
24.2295	-0.480468
21.4664	-0.537266
22.7704	-0.390183
20.7352	-0.490112
19.645	-0.673805
18.9324	-0.584383
20.4918	-0.355253
18.0281	-0.632312
18.4404	-0.715538
17.2073	-0.470631
17.867	-0.703762
18.3467	-0.648178
21.3764	-0.657249
23.6319	-0.586226
27.882	-0.502807
23.4726	-0.532726
19.239	-0.550677
20.9317	-0.598436
21.0204	-0.554438
25.4442	-0.622705
22.4219	-0.659141
22.6862	-0.46078
26.1293	-0.687504
30.3607	-1.02007
40.8211	-1.61889
47.2373	-1.65807
52.4309	-1.62196
164.773	-0.749887
436.946	-0.767818
419.906	-1.4978
589.328	-1.4114
669.014	-1.37332
682.288	-1.24446
645.171	-1.3034
533.775	-1.21138
388.98	-1.30384
298.438	-1.20809
268.184	-0.978058
230.583	-0.577386
262.13	-0.36229
258.341	-0.00379292
242.396	-0.0842948
222.245	0.136775
202.543	0.0291501
225.583	0.0648574
189.628	-0.213036
187.406	-1.08615
266.635	-1.60695
328.312	-1.81348
437.306	-1.73773
565.642	-1.77511
655.816	-1.80974
687.358	-1.90033
598.296	-2.07033
566.766	-1.92914
365.813	-2.22494
271.422	-2.0482
188.635	-2.06804
134.415	-1.98351
169.555	-1.72949
108.712	-2.05419
94.4598	-2.02125
85.5891	-1.93849
86.8884	-1.44859
117.498	-0.516992
162.571	0.0749564
201.132	0.175763
229.429	-0.157046
270.49	-0.651895
239.729	-1.17569
313.02	-1.33237
375.25	-1.34326
351.619	-1.54952
342.747	-1.598
334.109	-1.5634
273.534	-1.62005
217.535	-1.49508
170.876	-1.17908
165.95	-0.701171
187.276	0.0251184
222.46	0.278508
228.205	0.490678
177.3	0.562517
155.555	0.888941
175.272	0.813773
153.819	0.497794
101.316	0.260529
106.119	0.188367
60.1416	0.0560538
33.4614	-0.447355
38.6944	-0.500311
44.6999	-0.308941
105.057	-1.04403
984.059	-0.822428
558.755	-1.48072
286.34	-1.17144
443.022	-0.871084
726.029	-0.886993
784.345	-1.3292
913.477	-1.24648
960.266	-1.0243
879.946	-0.963602
692.381	-1.00057
516.08	-1.07524
351.517	-1.15587
239.85	-1.23811
228.027	-0.937199
175.115	-0.876759
160.761	-0.679667
185.111	-0.494852
175.675	-0.384849
156.137	-0.853843
153.091	-1.09355
137.992	-0.943045
121.194	-1.33841
107.21	-1.5522
121.21	-1.93062
195.557	-1.90214
316.721	-1.87547
365.587	-1.96764
371.345	-2.09703
356.484	-2.28288
323.091	-2.42365
318.759	-2.15635
170.729	-2.58472
104.222	-2.36421
79.5991	-2.15235
62.2498	-2.13193
57.7105	-1.97009
50.1729	-1.90274
48.3708	-1.95494
56.4982	-1.90574
67.6197	-2.12204
130.546	-2.1389
323.719	-1.97696
411.593	-2.09407
480.953	-1.99469
441.95	-2.12522
499.887	-1.8679
478.622	-1.64182
261.027	-1.94238
92.1291	-2.05014
81.1322	-2.00535
69.129	-2.12302
93.0968	-1.72168
95.6068	-1.6205
102.225	-1.76296
150.766	-1.73281
219.493	-1.68247
265.366	-1.72491
322.983	-1.772
325.494	-1.83233
289.148	-1.54806
189.307	-1.91754
171.233	-1.79295
135.084	-2.05006
105.244	-2.17808
87.8583	-1.99036
76.6068	-1.82849
59.3912	-1.72049
53.0741	-1.58486
40.8885	-1.49753
38.1755	-1.29888
54.6682	-0.464603
36.3369	-0.647911
27.2614	-0.918564
29.4074	-0.828517
25.8899	-0.76141
25.791	-0.808109
22.7165	-0.873521
24.5372	-0.496086
23.5995	-0.480705
21.7763	-0.485211
22.568	-0.530528
24.8796	-0.772062
21.8438	-0.861703
20.8962	-0.576363
12.5635	-0.619173
18.5402	-0.663142
17.4849	-0.502826
18.3165	-0.877292
18.3178	-0.590801
17.3061	-0.549484
18.1457	-0.463277
16.9158	-0.485321
18.0584	-0.550339
17.4014	-0.575536
15.99	-0.485632
16.7826	-0.51875
17.2466	-0.720018
148.974	0.129077
366.829	-0.00622533
145.235	-0.253503
81.7378	-0.683756
87.4028	-1.80437
123.08	-1.72911
192.338	-1.477
199.241	-1.73267
219.765	-1.87951
264.537	-1.85902
272.752	-1.76536
259.571	-1.88667
284.293	-1.75487
275.476	-1.62437
168.25	-1.73329
157.649	-1.65452
140.402	-1.65116
138.119	-1.67953
139.825	-1.67506
130.339	-1.70564
122.999	-1.73762
109.631	-1.72202
202.001	-1.32511
522.383	-1.44413
780.497	-1.25503
795.327	-0.956434
288.994	-0.675242
461.792	-1.11184
971.171	-1.27673
1433.05	-1.16408
1570.38	-1.19938
1404.47	-1.37506
1377.16	-1.42235
1282.45	-1.53641
1369.73	-1.40733
1281.63	-1.41903
1189.05	-1.34625
765.81	-1.45178
241.817	-1.55115
58.6752	-1.918
47.2646	-1.66691
38.0874	-1.67042
34.8992	-1.37681
28.2258	-1.0702
29.5492	-1.13708
27.7433	-1.0464
24.5229	-0.999866
34.4362	-0.81012
80.8286	-0.679933
95.6555	-0.90809
338.266	-1.50853
448.834	-1.8322
316.648	-1.56419
205.35	-1.37323
402.123	-1.6633
556.876	-1.46114
696.295	-1.62819
560.497	-1.77472
688.442	-1.75353
677.611	-1.74935
638.655	-1.62502
513.142	-2.29493
285.068	-2.1247
395.339	-2.10931
385.968	-2.05564
267.162	-1.98551
249.12	-1.81471
71.0791	-2.02915
34.6399	-1.5627
29.8713	-1.23288
25.8605	-1.242
29.4829	-1.16406
24.4586	-0.904029
29.3247	-0.877349
118.596	-0.476553
104.975	-0.429075
166.928	-0.343323
58.7014	0.1416
72.428	0.0172048
72.7584	-0.251754
225.955	-0.357712
333.564	-0.294512
244.866	-0.729803
268.094	-0.760031
287.446	-0.825083
277.283	-1.04994
304.262	-0.831348
290.983	-0.693733
240.72	-0.77248
210.937	-0.830954
217.515	-1.14469
302.08	-1.42307
320.01	-1.77422
355.376	-1.71807
302.508	-1.84647
304.854	-1.70448
199.807	-1.84415
96.6419	-1.73252
78.3479	-1.64636
75.6363	-0.912636
87.8774	-0.401865
80.031	-0.0052483
74.7876	0.151639
74.7061	0.233258
80.0498	0.437891
66.5067	0.518762
69.9747	0.449796
96.6541	0.169928
76.7573	0.00173229
50.3994	-0.691237
54.3354	-1.14881
267.836	-1.53259
516.405	-1.38756
622.521	-1.22769
545.594	-1.37226
521.753	-1.44916
372.844	-1.61603
303.847	-1.54332
266.22	-0.668348
170.135	-0.552216
156.375	-0.855224
117.116	-1.57053
66.4187	-1.71189
34.0289	-1.37332
25.6551	-1.18987
20.4388	-1.02185
19.0376	-0.742066
19.1189	-0.892324
16.9834	-0.767999
20.3951	-0.726675
96.6265	-0.728403
87.472	-0.804507
189.964	-0.765807
128.429	-1.02416
54.6193	-1.40857
198.26	-1.5896
371.198	-1.61758
423.847	-1.80176
471.093	-1.88058
474.483	-1.84458
453.195	-1.85988
431.6	-1.80409
383.925	-1.93229
381.201	-1.91347
334.449	-2.04399
260.06	-1.84537
123.312	-1.24186
63.2491	-0.759261
80.206	-0.279796
106.846	-0.504719
158.983	-1.00883
178.36	-0.967328
226.662	-0.625377
245.425	-0.43581
117.37	-0.733186
148.28	-0.521959
97.1007	-0.458304
86.6277	-0.600393
76.1601	-0.742848
73.3343	-0.808664
59.7309	-0.818085
26.3796	-1.20542
21.2775	-0.785076
18.328	-0.648755
18.2354	-0.679542
17.5295	-0.696317
18.5079	-0.654434
19.6504	-0.573555
17.9318	-0.472253
18.7117	-0.40085
15.5663	-0.599145
18.5523	-0.634704
15.9539	-0.528501
16.1137	-0.697466
73.7855	-0.767215
74.7198	-0.705416
130.93	-0.756255
71.0938	-0.513959
32.5988	-0.306851
30.9742	-0.714523
25.4438	-0.906764
21.2879	-0.627693
21.2841	-0.380187
20.3708	-0.650596
20.7995	-0.671953
17.2917	-0.7418
16.3286	-0.521079
18.4503	-0.576853
15.7106	-0.406953
16.8682	-0.44184
16.2406	-0.593152
15.9393	-0.48152
15.1001	-0.713898
18.9556	-0.387699
17.3817	-0.571421
17.8239	-0.486906
17.499	-0.479451
16.6914	-0.607736
17.2732	-0.510888
16.8429	-0.570363
23.0022	-0.908758
29.5736	-1.26709
34.9771	-1.54817
47.0599	-1.59465
56.9472	-1.04542
108.285	-1.48212
659.491	-1.61723
1359.63	-1.43425
1497.45	-1.09812
1111.63	-1.01506
419.778	-1.29045
117.856	-1.41957
48.8578	-1.41018
37.6272	-1.29085
33.9701	-1.11003
28.8004	-1.16849
25.8042	-1.06382
192.535	-0.442365
279.314	-0.512752
94.4935	-1.15552
420.611	-1.00265
643.745	-0.841884
656.568	-0.904886
589.598	-1.02068
438.432	-1.12587
186.984	-1.33046
64.189	-1.44495
40.5151	-1.47597
32.4614	-1.26994
38.7822	-0.896244
82.0442	-0.386112
133.411	-0.622819
146.721	-0.834454
134.308	-1.31525
400.347	-1.46472
505.277	-1.2986
483.763	-1.3353
441.802	-1.34168
380.367	-1.28787
280.865	-1.31762
203.452	-1.35767
152.852	-1.02067
164.613	-0.554847
127.677	-0.193349
96.032	-0.0854878
52.3677	-0.412214
85.4483	-0.988768
146.243	0.0660367
93.0646	-0.322317
109.563	-0.838078
67.6639	-1.45395
91.1652	-1.44849
105.671	-1.44139
108.888	-1.53332
173.964	-1.01731
132.624	-1.4401
121.807	-1.5696
103.065	-1.75226
93.4882	-1.87267
93.4461	-1.819
95.2154	-1.76017
89.7278	-1.81974
68.3265	-2.02465
61.2693	-2.01875
51.3342	-1.92517
65.2102	-1.27017
64.7483	-1.09215
48.3231	-0.553683
50.6047	-0.147003
72.9322	0.243741
62.2463	0.43828
90.3037	0.654172
88.7832	0.90511
114.058	0.455299
113.168	0.122993
78.1203	0.27399
70.2855	-0.0992771
143.766	-0.80764
273.129	-0.746228
273.674	-0.713751
320.602	-0.643441
369.258	-0.606786
390.562	-0.600739
388.026	-0.557846
391.902	-0.625815
341.333	-0.840719
365.413	-0.797174
406.341	-0.854178
448.349	-0.927281
539.159	-0.962836
653.483	-0.938672
768.986	-0.810228
788.617	-0.84083
769.317	-0.901054
741.039	-0.972162
707.22	-1.04418
619.613	-1.14393
401.989	-1.32361
196.285	-1.53824
145.784	-1.79896
152.217	-1.81517
165.485	-1.66979
147.281	-1.85185
156.355	-1.79908
154.522	-1.81182
153.982	-1.84069
142.5	-1.98911
148.174	-1.9456
140.657	-2.04429
152.663	-1.97288
406.019	-1.42628
486.517	-1.45538
386.484	-1.63554
347.725	-1.529
259.623	-1.65685
175.187	-1.69247
127.819	-1.60912
90.0477	-1.36935
95.2873	-0.919243
84.7849	-0.411031
81.1893	-0.264529
87.6923	0.041673
86.4729	-0.2479
101.162	-0.446526
131.05	-1.00268
216.201	-1.19862
299.25	-1.20148
387.368	-1.06047
391.119	-1.18548
411.01	-1.20162
290.49	-1.20975
109.179	-0.548539
164.808	-0.166951
274.76	-0.971942
404.346	-1.37827
475.535	-1.4899
475.66	-1.43799
434.526	-1.50097
400.711	-1.50967
355.485	-1.68598
364.915	-1.69679
348.477	-1.73566
340.55	-1.75153
302.13	-1.81612
267.648	-1.81559
244.072	-1.72859
255.653	-1.77415
322.141	-1.76076
409.968	-1.70257
529.228	-1.62575
663.396	-1.53645
680.558	-1.55648
655.436	-1.64809
596.479	-1.73905
506.789	-1.74584
367.815	-2.02703
302.053	-2.01412
218.724	-1.98018
147.368	-1.85781
143.77	-0.914676
171.26	-0.347436
125.559	0.0434206
88.9976	0.331741
129.029	0.586201
105.514	0.441999
102.647	0.348118
93.4529	0.186618
63.207	-0.154317
40.2464	-0.751854
53.3994	-1.50889
87.2203	-2.03043
145.965	-1.88158
121.764	-1.96665
122.478	-1.82705
111.28	-1.85522
107.501	-1.62361
88.7705	-1.63316
69.9017	-1.54446
53.2052	-1.42297
33.3076	-1.44824
25.8254	-1.29498
24.2212	-1.34834
23.8051	-1.25939
22.1191	-0.825598
19.0769	-0.809766
53.3997	-0.839257
257.831	-0.467528
146.133	-0.43129
173.464	-0.531747
350.112	-0.718177
310.292	-0.877801
224.536	-1.29284
101.389	-1.76441
96.4463	-1.87164
86.7663	-1.99299
77.7997	-2.05824
76.5319	-1.89094
66.2529	-1.96554
52.6076	-1.85594
42.3288	-1.71297
84.7988	-0.800568
130.527	0.170672
78.4978	0.172141
65.5474	0.176405
60.2182	0.334252
45.5369	0.195846
40.3684	0.235078
36.7314	0.169095
31.6373	-0.0678095
26.7206	-0.319456
23.3003	-0.454877
28.6146	-0.472347
105.161	-0.67146
158.386	-0.736418
242.006	-1.46563
275.193	-0.502858
81.8583	0.560614
129.685	0.738969
120.084	-0.0574384
307.588	-1.08792
379.631	-1.14978
323.895	-1.27006
215.567	-1.22433
135.778	-1.21065
110.009	-0.39108
120.808	0.152968
104.642	0.13669
118.009	0.30561
91.6073	0.492378
93.5875	0.324463
82.829	0.424666
74.5372	-0.0229637
63.0664	-0.580972
53.4431	-1.15007
54.2906	-1.09137
55.7025	-0.964475
53.6327	-1.47215
220.006	-1.75498
361.821	-1.7168
161.541	-1.94937
291.726	-1.89606
142.052	-2.18961
184.727	-2.09014
53.3431	-1.56579
42.0116	-1.23271
77.9548	-2.14156
130.438	-2.2743
51.2776	-1.71077
42.2186	-1.75882
63.9963	-1.76327
63.4558	-1.79975
51.3791	-1.75371
49.568	-1.71463
39.0953	-1.76242
36.2608	-1.72846
38.8247	-1.59209
31.6056	-1.6019
26.8558	-1.40564
28.0876	-1.54451
26.409	-1.35574
19.0477	-0.949643
20.4142	-0.924233
95.265	-0.0643139
59.313	0.229627
54.4391	0.930091
70.1946	0.84304
90.9226	0.708351
72.384	0.698179
76.7041	0.689735
66.9643	0.627016
61.6197	0.515876
60.8036	0.83705
44.8821	0.613893
34.9472	0.325712
33.3865	0.12643
24.2504	-0.60366
18.2445	-0.600035
16.1216	-0.67075
18.6856	-0.605639
19.0061	-0.556781
18.2438	-0.637967
18.7131	-0.554852
17.1928	-0.431368
17.2883	-0.406994
16.3205	-0.428526
19.1814	-0.284024
15.4452	-0.474827
15.7608	-0.49402
18.9776	-0.527717
20.8697	-0.780808
20.2467	-0.583469
19.054	-0.643645
20.6826	-0.756309
19.1393	-0.58291
17.2021	-0.60827
16.5723	-0.508488
19.2278	-0.498028
20.8599	-0.615534
27.2076	-1.01953
32.5618	-1.32757
38.6105	-1.20351
89.7941	-0.240752
150.115	0.0759853
184.308	0.13449
203.363	0.025542
268.136	-0.00775702
401.157	0.0533635
474.443	-0.263736
911.337	-0.26959
1170.91	-0.531524
1169.69	-1.06872
1118.38	-1.35453
984.89	-1.62346
811.33	-1.71848
510.356	-2.01211
294.924	-1.96197
194.962	-1.76734
195.312	-1.82614
219.333	-1.74302
216.928	-1.8015
249.758	-1.55689
364.092	-1.40055
325.981	-2.3446
472.164	-1.90414
509.628	-1.75039
529.533	-1.59552
501.718	-1.55483
416.357	-1.57756
265.411	-1.64936
87.8211	-1.75098
42.8675	-1.74001
42.0749	-1.66862
35.6523	-1.70418
33.4637	-1.45108
29.0771	-1.26169
164.98	0.319355
236.963	-0.131379
266.528	-0.699764
103.36	-0.6447
180.458	-1.59458
447.773	-1.23636
557.548	-0.969438
532.8	-0.976118
388.561	-1.022
201.696	-1.07929
63.5012	-1.43354
37.7547	-1.62841
47.1889	-1.29669
52.4604	-1.23422
62.1148	-0.316491
71.1212	-0.249405
144.362	-0.491695
149.956	-1.0567
212.843	-1.13917
626.732	-1.59039
523.363	-1.84345
911.043	-1.4611
861.544	-1.41628
874.442	-1.37308
711.471	-1.41157
647.561	-1.49915
779.219	-1.39507
651.878	-1.53035
506.26	-1.70019
350.777	-1.82928
177.288	-2.04057
140.547	-1.98405
138.79	-2.04025
151.82	-2.02849
161.499	-1.93345
168.693	-1.84634
174.195	-1.85898
170.576	-1.9251
191.22	-1.81742
192.682	-1.84913
200.52	-1.77969
196.207	-1.75438
203.063	-1.70185
194.722	-1.64278
206.218	-1.65411
316.162	-1.58546
366.323	-1.46174
367.003	-1.46223
417.908	-1.35855
466	-1.30271
471.808	-1.28504
469.709	-1.29062
431.734	-1.34005
357.737	-1.36926
230.596	-1.4087
119.153	-1.52446
65.6272	-1.70962
51.9836	-1.79131
41.9126	-1.65448
34.6959	-1.77308
30.1564	-1.42454
33.6536	-1.27479
33.7469	-1.39411
49.5062	-1.70663
88.8118	-1.83009
177.695	-1.88
260.688	-1.96504
397.75	-1.70605
430.61	-1.50231
439.107	-1.40315
554.228	-1.34909
791.952	-1.11653
935.721	-1.07577
794.265	-1.33642
624.768	-1.53934
644.125	-1.4935
384.116	-2.07811
277.391	-1.9273
464.311	-1.64926
383.47	-1.73183
440.191	-1.57289
695.014	-1.48163
453.472	-1.61967
825.473	-1.4996
386.648	-1.63787
740.172	-1.3942
429.737	-1.43034
597.374	-1.19324
361.481	-1.64903
457.553	-1.46708
479.56	-1.63231
562.353	-1.62093
603.428	-1.6893
617.657	-1.65163
536.311	-1.82339
397.418	-2.10292
280.225	-2.37971
195.379	-2.35828
126.217	-2.23197
112.501	-1.83805
90.3676	-1.94064
72.3715	-2.09505
65.5946	-1.92065
57.4218	-1.78616
41.9141	-1.73245
45.4083	-1.54429
43.2793	-1.42984
41.4746	-0.717496
59.9409	0.215148
62.8573	0.427295
106.011	0.506834
88.1487	0.554077
100.144	0.449746
112.99	0.517952
96.7622	0.552943
101.29	0.472741
70.637	0.441219
59.8815	0.0762702
55.3892	-0.546954
158.143	-0.980999
307.873	-1.09041
416.49	-0.787812
427.665	-0.921655
513.991	-1.00207
527.173	-1.24145
436.542	-1.32499
364.196	-1.68653
175.795	-1.71673
116.169	-1.39929
115.985	-0.741425
110.244	-0.3632
129.152	0.0262844
118.467	0.23507
137.506	0.448612
127.825	0.343923
133.765	0.324175
85.954	-0.249106
28.0104	-0.94511
21.483	-0.887349
26.4098	-0.761213
27.601	-0.814529
29.8602	-0.635103
131.506	-0.581678
160.016	-0.223404
165.864	-0.887432
332.759	-1.53712
184.556	-1.90464
204.942	-2.02346
336.295	-1.84135
433.995	-1.9057
413.109	-2.06124
402.217	-1.97927
374.137	-1.86863
299.924	-1.84929
208.135	-1.81806
182.145	-1.79627
119.243	-1.83256
81.9342	-1.70037
73.015	-1.21245
78.2916	-0.506436
92.5996	-0.231912
82.8165	-0.0913276
86.9229	0.120913
82.4579	0.268809
94.0294	0.36766
91.4489	0.15553
79.6008	-0.135333
70.3313	0.0440444
63.2598	-0.274247
67.4612	-0.949786
179.506	-0.788317
175.883	-0.679659
113.146	-0.984474
72.4899	-1.08924
52.4308	-0.839399
28.3689	-1.31211
23.4289	-0.922804
19.6543	-0.915949
20.034	-0.755476
20.4009	-0.640145
20.1265	-0.658159
18.3426	-0.669039
22.2581	-0.641257
86.7072	-1.43949
82.3455	-1.38698
33.4483	-0.937267
55.3479	-1.51548
33.2947	-1.20033
33.02	-1.49127
49.1617	-1.74403
69.7397	-2.21402
78.1636	-2.32392
68.37	-2.22124
62.3582	-1.99224
61.0264	-1.98876
54.9819	-2.07078
54.4986	-1.8401
43.4622	-1.89223
41.4361	-1.64007
32.6287	-1.63373
28.2108	-1.20969
24.7418	-0.984304
18.8017	-0.785424
175.465	-0.66787
221.689	-0.580081
114.451	-0.216046
72.7857	-0.570737
54.2464	-0.617186
46.0245	-0.767695
49.769	-1.08089
71.1361	-1.30377
135.142	-1.86499
139.79	-1.93708
247.743	-1.82594
409.257	-1.86271
520.778	-1.5456
449.472	-1.51933
223.991	-2.05695
153.408	-2.05216
129.778	-1.97642
99.8038	-1.97484
83.6446	-1.86774
60.7755	-2.02244
52.1159	-1.87064
42.4008	-1.87725
41.5249	-1.91846
39.7664	-1.66703
33.3768	-1.70433
28.3854	-1.39874
26.7726	-1.20705
26.5487	-1.17408
29.7187	-1.28911
29.49	-1.29641
26.6429	-1.29635
30.414	-1.0272
27.6801	-1.1859
23.3764	-0.779988
20.9849	-0.896726
19.752	-0.763187
20.9762	-0.69644
19.9576	-0.5601
17.7541	-0.661731
21.2056	-0.495194
20.0089	-0.558856
18.4358	-0.645445
18.555	-0.686853
18.9408	-0.540333
10.7353	-0.502354
14.0855	-0.565314
15.9703	-0.393185
15.6133	-0.538882
15.9421	-0.771518
19.6058	-0.583342
65.7589	-1.47232
257.122	-1.3633
39.27	-1.36393
69.2899	-1.74477
169.421	-1.47375
451.175	-1.2975
521.089	-1.27146
922.328	-1.47421
801.135	-2.09026
895.652	-1.83041
969.219	-1.67765
842.719	-1.73516
736.147	-1.72698
665.364	-1.70728
583.477	-1.8707
620.705	-1.85041
656.559	-1.90111
774.949	-1.81334
1015.62	-1.6159
1275.49	-1.3221
1396.28	-1.24417
1335.57	-1.31439
1210.63	-1.42828
1009.42	-1.60727
800.87	-1.7438
503.104	-1.97268
197.375	-2.1454
120.618	-1.73145
106.437	-1.79061
80.6969	-1.8174
60.5635	-1.81986
48.595	-1.99371
139.532	-0.298375
93.8283	-0.285505
115.547	0.331691
128.574	0.489119
148.879	0.405429
167.378	0.342299
159.21	0.0843747
147.827	-0.586438
182.187	-0.95372
218.202	-1.18687
214.674	-1.05441
210.576	-0.988312
207.839	-0.813312
179.621	-0.920967
176.358	-0.801116
166.953	-0.689229
169.708	-0.516608
158.923	-0.390528
134.119	-0.575575
139.269	-0.535603
119.248	-0.594296
87.0104	-0.852809
64.871	-1.03464
56.1952	-0.878204
67.8383	-0.828787
75.9178	-1.18843
117.303	-1.32567
179.661	-1.73517
331.034	-1.57147
466.048	-1.57105
526.149	-1.62849
582.762	-1.45285
631.387	-1.27507
597.715	-1.27162
601.015	-1.11837
578.417	-0.958175
497.88	-0.978323
426.224	-1.04975
438.241	-0.787524
471.866	-0.549534
512.069	-0.378152
564.153	-0.373967
652.222	-0.37391
694.534	-0.471371
735.56	-0.591449
681.197	-1.0206
736.399	-1.0102
539.24	-1.46501
541.117	-1.54017
484.507	-1.65849
358.703	-1.82261
308.074	-1.97539
304.867	-1.90155
234.805	-1.8646
193.766	-1.99223
154.942	-2.26905
132.84	-1.97502
111.088	-1.86067
88.0794	-1.81087
75.3598	-1.82404
70.9383	-1.98664
67.7305	-1.77171
70.8626	-1.66945
68.1256	-1.62764
80.8667	-0.963391
96.9589	-0.547573
134.832	0.05887
191.41	0.400937
186.936	0.698737
171.669	0.553355
138.354	0.722496
115.585	0.255836
83.6705	0.20386
69.3306	-0.28508
47.926	-1.12427
272.202	-1.70235
526.235	-1.62105
533.491	-1.80199
554.492	-1.84643
474.342	-1.89467
362.73	-1.99628
268.51	-2.04742
181.146	-2.06877
115.043	-2.1543
93.7767	-2.0895
70.0762	-2.0436
52.0296	-2.0841
43.0177	-1.90534
37.9624	-1.39481
25.801	-1.47052
27.1588	-1.19745
23.9107	-1.07226
17.8528	-0.946495
28.4415	-0.990494
43.9657	-1.33992
28.4826	-1.16312
30.2276	-1.16769
29.1767	-1.45994
27.2488	-1.33908
49.1636	-1.79418
150.31	-1.82644
198.167	-1.58594
202.293	-1.9091
232.849	-1.8417
254.637	-1.72236
289.152	-1.58355
258.656	-1.67603
270.57	-1.55544
285.307	-1.38091
335.123	-1.22701
454.128	-1.29304
407.358	-1.75278
475.06	-1.60963
464.479	-1.58952
526.673	-1.35888
519.27	-1.31423
244.21	-1.43611
164.244	-1.56819
210.483	-1.48344
158.954	-1.32034
114.07	-1.29549
73.5207	-1.5425
60.9844	-1.43631
49.2683	-1.17287
39.9453	-1.2767
35.9983	-1.00491
32.0463	-1.07092
24.4742	-1.03619
22.043	-1.16175
19.5759	-0.972088
20.4954	-0.827522
17.6388	-0.96459
16.3336	-0.79799
16.485	-0.712503
18.1042	-0.640982
16.9371	-0.608228
16.0852	-0.779779
10.6423	-0.556756
16.0925	-0.547489
14.6006	-0.419711
15.3943	-0.382869
15.6464	-0.609688
20.046	-0.416937
14.8163	-0.471476
14.6476	-0.536289
14.1429	-0.672298
14.7723	-0.665428
15.95	-0.65605
14.5359	-0.681803
18.2672	-1.14544
32.963	-1.63163
71.0305	-1.59677
74.0231	-1.54986
141.369	-1.38616
164.315	-1.5281
186.492	-1.34697
270.169	-2.05391
457.032	-2.03975
621.702	-1.82923
622.245	-1.8101
612.692	-1.74767
480.491	-1.80557
358.928	-1.76634
236.921	-1.58347
183.556	-1.32537
143.31	-1.29268
154.956	-1.17693
222.882	-1.05279
364.221	-1.01594
412.826	-0.883464
400.286	-0.874281
369.303	-0.920802
307.364	-1.17389
199.871	-1.31542
146.006	-1.16219
113.077	-1.05739
107.118	-0.640766
125.864	-0.377276
144.488	-0.413313
178.948	-0.418892
222.766	-0.742679
255.959	-1.18473
202.736	-1.64684
165.005	-1.75941
155.475	-2.00598
156.774	-1.71096
171.333	-1.65121
188.549	-1.49542
193.95	-1.38501
182.303	-1.02713
182.28	-0.704821
204.464	-0.11921
211.199	0.278385
175.08	0.267116
185.038	0.667566
173.523	0.69697
199.57	1.00954
141.756	0.962466
148.377	0.995921
150.109	0.719935
131.322	0.794582
133.096	0.903105
108.627	0.668217
68.0187	-0.136121
204.283	-1.25355
527.583	-1.02041
633.279	-0.990375
676.016	-1.02654
725.27	-1.04643
747.804	-1.09887
771.947	-1.19961
790.383	-1.30322
812.393	-1.35245
707.05	-1.50725
648.316	-1.58502
576.759	-1.64133
484.806	-1.69828
405.485	-1.79381
394.359	-1.78225
390.277	-1.88126
395.893	-1.8966
404.412	-1.91197
400.988	-1.99861
410.928	-1.96801
457.619	-1.89789
492.693	-1.88334
489.13	-1.95966
492.292	-1.93124
450.018	-1.95818
373.401	-1.95106
261.795	-1.66281
215.262	-1.36917
183.29	-1.61499
102.42	-1.94338
82.6265	-1.85238
80.164	-1.2176
138.826	-0.8393
119.734	-0.175335
118.461	0.249091
112.473	0.594613
143.085	0.780302
171.927	0.781827
159.886	0.683949
178.95	0.498438
152.883	0.237962
121.949	0.339311
135.89	-0.00556864
96.5663	-0.312921
62.7059	-0.577826
54.4083	-1.31279
193.548	-1.55897
202.938	-1.85921
175.288	-2.08203
175.035	-2.10556
150.695	-2.10688
113.907	-1.75333
121.795	-1.75905
122.144	-1.74929
108.826	-1.79266
114.711	-1.71537
120.287	-1.72065
119.646	-1.70321
115.459	-1.66976
101.967	-1.81749
89.7792	-1.90315
87.6059	-1.75625
90.3387	-1.53385
72.3211	-1.74028
64.0021	-1.66196
130.655	-1.08678
445.666	-0.985331
870.199	-1.01138
1130.75	-0.975877
1351.21	-0.792386
1008.25	-1.12137
761.586	-1.3052
614.798	-1.41813
449.564	-1.54985
232.006	-1.48218
57.2302	-1.59424
35.5976	-1.32735
36.7653	-1.31183
30.1827	-1.30705
30.3351	-1.22166
73.9213	-0.0260081
91.0737	0.0239429
171.071	0.673104
173.828	0.594588
129.085	0.467814
94.7269	0.361214
86.8711	-0.0225329
81.9666	-0.14648
93.5225	-1.35646
262.566	-1.71212
354.511	-1.65804
519.484	-1.48145
581.301	-1.6573
568.655	-1.84762
607.345	-1.66874
450.803	-1.56755
90.6093	-1.68941
30.9658	-1.66733
30.6207	-1.43503
23.8318	-1.26382
62.3821	-0.571966
158.736	-0.445433
117.607	-0.926866
37.634	-1.18345
140.959	-1.36077
427.999	-1.44741
319.401	-2.02253
304.504	-1.97741
237.758	-1.93841
140.859	-2.03584
98.6772	-1.87004
110.655	-1.89252
112.758	-1.97159
116.165	-1.92927
110.553	-1.99904
123.17	-1.93425
130.96	-1.7862
140.691	-1.44769
183.824	-1.0197
244.715	-0.745292
288.053	-0.499947
305.222	-0.46017
290.368	-0.682919
266.668	-0.98535
237.943	-1.27604
209.8	-1.54494
205.596	-1.6528
208.822	-1.7467
229.094	-1.67492
220.942	-1.71998
162.292	-1.78424
155.549	-1.66015
170.4	-1.59556
162.265	-1.68737
155.036	-1.77667
174.179	-1.70908
209.096	-1.8352
279.601	-2.01278
422.365	-1.94392
536.087	-1.85587
591.067	-1.7692
552.3	-1.85179
508.422	-1.91885
419.722	-2.06204
268.44	-2.18565
165.522	-2.1086
132.162	-2.17547
103.56	-2.17568
80.8051	-2.09901
55.3713	-2.07627
43.833	-1.85048
33.7124	-1.58711
25.4184	-1.5672
22.9478	-1.37069
20.9828	-1.11857
21.7498	-1.07173
32.323	-0.706668
57.1541	-0.652629
80.0343	-0.401187
68.1082	-0.229275
220.945	-0.291798
339.999	-0.579348
363.355	-1.12249
439.531	-0.917159
442.424	-0.810375
405.131	-0.816286
357.996	-0.919054
297.045	-1.03766
211.013	-1.20988
151.258	-0.976987
162.392	-0.849485
153.339	-0.671358
174.583	-0.631348
186.648	0.152726
152.144	0.212187
143.601	0.103104
141.309	0.256518
114.244	0.0806601
107.344	-0.31713
87.7448	-0.711358
86.5121	-1.33432
244.237	-1.91701
305.743	-1.8367
336.706	-1.91809
430.482	-1.79296
409.854	-2.02254
397.563	-1.97878
322.378	-1.99387
246.083	-1.77466
152.214	-1.71935
89.6582	-1.52761
87.3883	-0.515164
97.891	0.0315603
110.783	0.642427
127.576	0.945506
137.621	1.02961
125.063	1.02275
155.252	1.08571
150.74	1.05662
137.516	0.675193
97.7789	0.419689
75.0194	-0.143316
45.1708	-0.712983
188.141	-1.22774
433.29	-1.55333
421.89	-1.67739
413.877	-2.09578
409.307	-2.16875
378.791	-2.09926
365.224	-1.77038
334.322	-1.56063
268.248	-1.41244
159.38	-1.45795
62.8893	-1.39718
30.1121	-1.62977
26.824	-1.29715
28.1559	-1.27453
26.2653	-1.05173
29.9677	-1.00977
23.6642	-1.05311
27.9005	-1.28642
68.2447	-1.8845
75.748	-2.05206
93.5159	-2.10127
97.4133	-2.22141
96.0476	-2.12467
93.1707	-2.10901
81.1039	-2.0728
74.5799	-2.00801
69.8424	-1.95319
64.7702	-2.04206
60.459	-1.97785
52.5052	-1.99183
47.1952	-1.90477
43.1794	-1.99193
50.3085	-1.672
114.649	-1.44744
225.572	-1.15869
283.23	-1.11359
273.752	-1.33574
261.447	-1.11286
242.803	-0.718487
336.535	-0.945346
370.483	-1.36307
398.749	-1.43899
447.777	-1.34003
481.985	-1.23526
504.24	-1.2091
472.805	-1.21171
346.278	-1.28038
131.413	-1.57964
126.403	-1.53865
139.312	-1.56194
161.317	-1.29346
155.467	-1.37174
128.483	-1.63885
91.8323	-1.76033
84.248	-1.64278
66.2163	-1.48123
48.0857	-1.47721
37.904	-1.55097
51.9023	-0.85765
56.2868	-0.232692
61.8368	0.245503
48.0053	0.38078
59.1158	0.522989
61.9747	0.546874
62.3317	0.525807
55.9073	0.622544
62.6258	0.41389
60.227	0.770158
60.347	0.594721
58.5662	0.734185
25.6225	-0.930164
18.6948	-0.637869
17.3341	-0.661353
19.0805	-0.430312
20.8032	-0.674142
20.6882	-0.585842
21.5254	-0.728676
21.3675	-0.764768
26.8899	-0.831056
32.1155	-0.93458
31.9064	-1.10184
27.7991	-1.46444
72.3297	-1.92171
204.148	-1.99025
275.813	-1.982
307.814	-1.96239
246.055	-2.21505
183.26	-1.90041
140.442	-1.85775
133.06	-1.98031
129.848	-1.94469
132.285	-2.04095
156.127	-2.00729
305.422	-2.16928
304.425	-2.62782
372.494	-2.59777
540.65	-2.14526
555.187	-2.20056
487.904	-2.44597
480.055	-2.35309
454.629	-2.22649
316.956	-2.40488
238.235	-2.45521
214.182	-2.44934
208.522	-2.20336
173.236	-2.21921
136.328	-2.15842
97.6251	-2.10681
65.8265	-1.51845
103.585	-0.626793
111.229	-0.218633
98.9002	-0.557947
91.7231	-0.45054
95.4146	-0.270386
84.049	-0.474751
87.4401	-1.64947
285.727	-2.00198
339.828	-2.06827
390.064	-1.84568
473.489	-1.64715
477.017	-1.75399
468.412	-1.98074
469.875	-1.98894
548.042	-1.89501
728.475	-1.57848
881.009	-1.40747
1097.14	-1.15194
1196.48	-0.958116
1123.83	-0.809318
726.475	-0.926639
308.43	-1.39883
122.343	-2.05103
128.552	-1.96406
133.173	-1.97146
112.173	-1.99879
102.613	-1.72233
84.595	-1.74279
59.3921	-1.72357
47.4162	-1.49395
76.3912	-0.571747
74.1028	-0.0613858
112.29	0.220748
163.265	0.536007
180.871	0.799712
184.414	0.99148
206.896	1.05268
205.106	0.617549
137.84	0.273353
94.3702	0.27501
40.5019	0.08169
30.6883	-0.351365
30.4004	-0.456099
47.3509	-0.41371
79.3706	-0.384791
251.521	-0.954117
520.089	-0.657114
584.488	-0.814308
680.438	-0.810883
570.131	-1.15482
458.974	-0.995959
251.545	0.0945644
276.181	-0.830484
713.209	-1.23081
1272.24	-1.13783
1695.3	-1.19472
1768.63	-1.06636
1708.68	-1.18558
1547.91	-1.27423
1427.86	-1.30319
1135.04	-1.47916
761.946	-1.87825
639.907	-1.86878
582.374	-1.56718
511.849	-1.46501
358.016	-1.47242
125.873	-1.53185
48.9546	-1.48514
42.2271	-1.28838
35.7003	-1.25665
32.8103	-1.24308
35.3559	-1.00111
115.429	-0.852331
171.625	-0.623536
101.321	-1.45253
608.273	-1.76823
843.409	-1.66931
872.635	-1.80447
612.62	-2.06366
312.77	-1.88625
91.5326	-1.9877
110.025	-1.94749
84.7221	-1.85677
42.2815	-1.43356
36.6065	-1.38364
29.3347	-1.30434
67.3979	-1.03094
57.1307	-0.925121
178.339	-0.612773
148.793	-1.01041
84.2189	-1.23174
325.35	-2.1857
644.951	-1.94462
734.205	-1.78534
629.543	-1.79564
292.526	-1.95165
174.482	-2.05807
207.742	-1.97918
223.619	-1.95958
217.945	-2.02527
306.974	-1.9553
387.075	-1.91846
735.296	-1.6459
911.821	-1.65057
1135.53	-1.5239
1276.79	-1.48964
1279.81	-1.46861
1151	-1.57331
819.827	-1.80307
537.028	-1.74792
98.3991	-1.76521
49.7764	-1.79308
47.9284	-1.70095
41.1752	-1.56108
34.2402	-1.25126
55.8367	-0.746579
161.914	-0.527643
228.662	-0.549947
241.541	-0.721372
497	-0.53757
661.566	-0.192928
668.264	-0.0739386
509.024	-0.163689
199.173	-0.577562
73.3574	-1.08296
47.6954	-1.54775
42.3446	-1.4334
35.2929	-1.55119
37.8783	-1.57095
35.7223	-1.38691
36.6072	-1.39557
43.6332	-1.3242
39.8045	-1.41454
43.7006	-1.29316
89.8295	-0.941297
313.119	-0.763497
259.257	-1.38565
521.678	-1.62058
550.544	-2.12329
637.256	-1.8993
630.483	-1.89811
590.469	-1.94266
339.311	-2.09043
122.713	-1.96579
50.0689	-1.90806
34.0093	-1.61189
57.1096	-1.36787
35.3456	-1.29599
26.2712	-1.10715
25.6504	-1.06064
27.5089	-0.632557
98.1332	-0.398146
98.8411	-0.419361
40.4624	-0.916281
35.647	-1.13569
31.8404	-1.48683
41.3262	-1.62003
113.441	-2.15784
134.841	-2.14328
129.305	-1.73961
98.3827	-1.91232
112.539	-1.78163
103.595	-1.92362
110.71	-1.90666
119.223	-1.86435
140.445	-1.72183
125.437	-1.8332
112.114	-1.88635
109.424	-1.87643
102.475	-1.93187
98.9566	-1.95939
99.033	-1.93321
148.758	-1.65475
388.392	-1.68856
603.539	-1.51592
627.238	-1.62461
550.519	-1.97237
481.708	-2.1077
484.374	-2.08176
651.815	-1.5315
625.545	-1.54793
461.741	-1.3423
219.31	-1.33107
358.5	-1.34164
474.075	-1.50703
634.069	-1.44973
697.41	-1.36956
679.489	-1.31565
602.54	-1.42872
441.247	-1.73261
346.99	-1.71539
279.28	-1.52631
175.738	-1.48455
141.929	-0.711767
129.631	-0.242133
129.514	0.617171
112.063	0.721267
139.699	0.910014
169.746	0.681108
185.921	0.521965
159.375	0.610576
116.645	0.367053
94.4484	-0.58988
150.73	-1.76995
344.08	-1.74951
397.511	-1.71482
440.439	-1.83678
495.454	-1.97896
465.156	-1.91802
274.916	-1.96303
76.7044	-1.48479
50.9895	-1.17035
322.696	-0.364757
282.361	-0.487251
61.8629	-1.00012
74.3618	-1.2383
156.007	-1.60132
301.185	-1.94616
464.072	-1.7895
616.534	-1.67447
672.479	-1.61935
695.223	-1.74273
594.054	-1.9876
537.266	-1.97259
483.499	-1.93977
443.961	-1.92721
395.537	-1.91761
333.138	-1.99455
277.265	-1.98252
165.419	-2.0412
179.635	-1.88494
79.7347	-1.92058
126.524	-1.79161
60.5287	-1.7113
93.4633	-1.74021
49.9713	-1.92634
58.4052	-1.86963
48.5046	-1.70973
42.6388	-1.60267
40.5454	-1.70883
33.0336	-1.59704
28.7766	-1.34493
25.0539	-1.28443
25.7417	-1.03601
22.5429	-0.833678
34.7877	-0.400619
97.7701	-0.121144
23.8575	-0.672856
22.6523	-0.855747
20.8114	-0.726396
18.9336	-0.578672
19.0103	-0.730607
20.6849	-0.699499
20.8216	-0.418502
20.166	-0.557168
18.0987	-0.56622
11.5904	-0.628106
15.8261	-0.554744
14.7894	-0.775394
15.901	-0.510491
16.0522	-0.415193
13.3018	-0.490566
14.9171	-0.47085
13.276	-0.519268
13.4852	-0.49848
13.7537	-0.36604
18.0957	-0.933459
32.9619	-1.85668
105.129	-1.90873
137.599	-1.9862
148.862	-1.91645
178.678	-1.75872
189.459	-1.72002
181.404	-1.55551
168.323	-1.64292
163.058	-1.66229
148.071	-1.69478
162.15	-1.65194
162.996	-1.60603
161.064	-1.59721
148.021	-1.64217
138.348	-1.64184
146.28	-1.66829
244.755	-1.73113
162.192	-2.09049
157.851	-2.13765
179.177	-1.93051
171.557	-1.78171
145.679	-1.24018
178.825	-0.338241
142.717	0.128508
173.608	0.530992
178.272	0.777041
159.852	0.825488
185.777	0.555031
162.677	0.577997
126.425	0.253297
104.316	0.0188497
111.273	-0.448154
356.218	-1.26264
580.261	-2.01264
825.798	-1.67315
1086.61	-1.59045
1407.3	-1.30115
1796.7	-0.889755
1734.16	-0.630359
1564.34	-0.335778
1182.48	-0.0653812
752.619	0.13302
331.028	-0.00576917
100.63	-1.39904
89.7907	-1.60407
101.551	-1.38653
67.9592	-1.6241
51.2664	-1.42901
45.2933	-1.29153
42.8495	-1.2829
36.0468	-1.17919
31.4308	-1.46041
134.37	-0.886984
297.574	-0.997039
495.356	-1.45384
715.045	-1.76754
650.177	-1.94506
552.168	-2.02365
448.594	-2.04014
571.639	-1.82291
737.35	-1.56971
865.908	-1.36285
938.685	-1.4487
925.478	-1.36957
689.255	-1.56739
512.502	-1.71033
359.811	-1.59887
154.461	-1.54256
50.6694	-1.89687
29.1068	-1.5949
25.8548	-1.43468
33.0826	-1.5255
47.2708	-1.56481
28.8339	-1.31826
31.6578	-1.36676
26.6084	-1.49072
25.1995	-1.51757
71.7748	-1.75953
212.051	-1.75793
143.425	-2.01494
109.373	-2.15208
180.862	-2.05879
168.946	-2.0711
178.646	-1.98373
175.723	-1.86608
198.931	-1.75998
217.271	-1.67378
192.011	-1.79287
127.827	-1.60543
99.5466	-1.70816
116.481	-1.65546
113.403	-1.7301
123.457	-1.75308
126.304	-1.82372
178.847	-1.55756
274.901	-1.41717
262.188	-2.08564
268.049	-1.98061
265.948	-2.02941
277.414	-1.98975
277.493	-1.86974
132.082	-2.13678
70.0576	-1.75064
62.3032	-0.6181
79.7514	-0.0412063
94.7385	0.326441
100.779	0.617668
102.957	0.896125
115.996	1.16486
110.359	1.09751
108.173	0.979797
101.769	0.728835
72.4544	0.125987
50.7969	-0.401872
253.754	-1.06454
337.625	-1.31372
357.948	-1.56614
354.258	-1.64928
322.873	-1.86295
356.211	-1.66765
397.444	-1.66113
477.47	-1.589
567.731	-1.52947
595.404	-1.68921
612.787	-1.82142
580.982	-1.88708
563.38	-1.86523
506.106	-1.84038
410.067	-1.87792
330.908	-1.94788
255.377	-1.97966
192.137	-1.17869
152.158	-0.557353
230.326	-1.26448
177.966	-1.86865
142.581	-1.62995
82.0103	-1.75149
108.836	-2.02552
123.394	-2.05623
119.812	-2.22323
139.323	-1.94452
145.893	-1.86268
170.923	-1.69523
152.874	-1.50019
114.763	-1.34928
130.467	-0.974024
129.222	-0.517134
135.646	-0.115257
148.495	0.127054
142.532	0.121733
148.901	0.0550358
146.104	0.0721761
145.239	0.210564
149.231	-0.00483063
171.203	-0.30825
184.816	-0.362746
189.48	-0.602011
252.191	-0.619937
296.248	-0.665431
336.829	-0.762452
357.593	-0.870424
349.013	-1.16407
405.554	-1.18015
508.001	-0.982884
333.701	-1.05949
379.432	-0.993792
146.272	-1.3731
206.331	-1.01436
101.186	-1.22361
63.2143	-1.29435
43.774	-1.24909
29.1443	-1.14624
26.1544	-1.03828
21.0353	-0.764773
17.7134	-0.555609
16.4846	-0.749173
15.397	-0.935954
15.9133	-0.780893
15.8001	-0.718578
13.8381	-0.636081
16.6601	-0.537558
14.2759	-0.615723
17.0924	-0.625329
15.2217	-0.508675
13.609	-0.709208
20.6421	-0.499273
20.8809	-0.629803
21.38	-0.483653
20.5845	-0.466539
18.5041	-0.484035
19.4693	-0.388423
21.1335	-0.51902
20.3251	-0.638248
17.1601	-0.573755
18.5923	-0.614272
17.6613	-0.642029
54.0835	-1.27248
176.705	-1.09867
56.2393	-0.8264
43.7212	-1.06269
79.8395	-1.4075
509.658	-1.27233
622.319	-0.931029
337.207	-1.28764
239.091	-1.24687
228.154	-0.625747
170.906	-0.172325
160.057	0.277744
152.417	0.560494
164.286	0.450395
171.62	0.67747
144.207	0.494108
125.696	0.268546
98.7612	-0.0845411
200.29	-1.16862
363.302	-1.16398
432.805	-1.29213
452.005	-1.37317
458.636	-1.3623
395.4	-1.53074
311.267	-1.61373
257.101	-1.61578
154.554	-1.73904
112.156	-1.97766
104.895	-2.04867
105.724	-2.09979
97.3789	-2.06611
90.824	-2.10092
82.3715	-1.96063
83.2796	-1.82661
70.0862	-1.9476
61.8015	-1.79501
210.665	-0.872332
198.186	-0.843137
230.404	-0.586176
351.125	-0.778599
510.721	-1.05215
651.751	-1.26051
766.107	-1.32451
816.268	-1.38897
887.798	-1.40762
897.279	-1.40517
820.675	-1.41923
705.972	-1.47114
592.921	-1.46935
394.161	-1.59886
187.82	-1.69382
71.5785	-1.78516
42.0709	-1.69571
40.151	-1.62822
32.7376	-1.29276
35.5872	-1.11116
93.7189	-1.35228
218.171	-1.40152
355.498	-1.29719
423.614	-1.3112
411.379	-1.37775
357.097	-1.48726
315.698	-1.574
247.223	-1.70905
184.78	-1.94955
150.95	-2.10097
146.987	-1.98571
121.069	-1.99071
116.805	-1.83246
85.509	-1.99689
63.1497	-1.91776
43.1103	-1.60787
35.4057	-1.22113
25.9288	-1.20245
27.3197	-0.902823
225.763	-0.0207718
212.257	-0.0784526
135.583	-0.149294
250.184	-1.37952
508.715	-1.12958
519.648	-1.19313
456.936	-1.51973
325.4	-1.84603
176.961	-1.94399
112.313	-1.88104
117.599	-1.97219
121.773	-2.08179
136.267	-2.03129
133.596	-2.08509
143.412	-2.02333
151.787	-1.99841
179.945	-2.0155
282.229	-1.95689
353.207	-1.91892
422.416	-1.77021
466.081	-1.74911
503.567	-1.52999
545.182	-1.25832
602.095	-0.96461
587.128	-0.833186
568.476	-0.621632
479.348	-0.474863
468.122	-0.400191
546.84	-0.00844038
548.225	0.0877897
573.39	0.0971503
617.655	0.156954
634.878	0.153602
705.488	0.0760942
642.464	-0.0844454
693.104	-0.207941
601.069	-0.7081
628.036	-1.10683
767.097	-1.16777
899.983	-1.16228
800.368	-1.37545
683.168	-1.53912
384.105	-2.01392
138.521	-2.29095
104.55	-2.07034
90.4961	-1.97739
74.9054	-1.91991
64.3358	-1.96443
58.2807	-1.77921
52.6156	-1.72887
49.9174	-1.55495
40.5196	-1.48799
39.028	-1.36251
31.1119	-1.26453
25.9723	-1.17679
22.0679	-1.13116
21.2364	-0.839419
23.8241	-0.799498
20.0447	-0.715064
37.4992	-0.789759
93.77	-1.02458
430.129	-1.92043
669.07	-1.83387
931.795	-1.71678
891.79	-1.92071
1099.22	-1.59352
958.601	-1.73996
667.604	-1.99148
328.599	-2.21006
66.7129	-1.56339
41.0877	-1.60954
34.2787	-1.42059
31.0219	-1.31406
31.7232	-1.04982
31.6363	-0.89634
100.405	0.164661
98.2425	0.727497
140.767	0.862081
187.787	0.456344
215.445	0.540928
113.285	0.300019
85.0411	0.231141
59.1487	-0.168987
38.0361	-0.221939
35.961	-0.482719
34.8727	-0.401921
43.8302	-0.358794
47.2634	-0.444497
48.2688	-0.689395
80.7758	-1.23785
162.58	-1.5523
211.433	-1.29774
237.522	-1.36721
280.14	-1.20004
268.029	-0.963
171.977	-0.890147
147.656	-0.23279
171.873	0.391041
186.124	0.606876
154.582	0.665802
170.235	1.03455
201.003	0.960231
190.234	0.982594
163.918	0.841198
146.069	0.722324
118.466	0.534548
119.807	-0.0711577
333.563	-0.627967
385.788	-0.678877
416.618	-0.676751
476.55	-0.563924
490.959	-0.622988
364.855	-1.08208
329.382	-1.31061
301.769	-1.46101
173.034	-1.80936
63.5965	-1.6794
50.9814	-1.63879
44.6353	-1.76091
45.4187	-1.64511
46.9669	-1.55087
44.1999	-1.55932
36.5363	-1.52121
38.386	-1.5307
107.325	-1.1688
214.088	-1.35722
262.408	-1.91209
257.555	-1.8274
218.437	-1.89167
213.372	-1.75987
180.665	-1.55386
130.995	-1.55347
130.07	-1.37109
223.784	-1.268
233.782	-1.69661
343.094	-1.72986
220.939	-1.51914
246.713	-1.59534
153.097	-1.7364
116.403	-1.75522
99.6547	-1.66701
96.3674	-1.73161
99.2037	-1.52484
106.477	-1.50288
64.4742	-1.33674
55.553	-1.52281
47.1402	-1.22039
69.9894	-0.240679
77.5811	0.149312
88.8496	0.437129
106.041	0.640262
100.066	0.802722
100.492	1.2078
92.4867	1.09513
95.1733	0.749711
107.612	0.898367
111.241	0.99258
124.759	0.889512
129.989	0.742519
108.104	0.467646
87.4115	0.609161
65.0826	0.523636
52.5733	0.0359614
40.9101	0.069378
38.6066	-0.168051
33.2955	-0.384405
30.1919	-0.561573
23.919	-0.585269
23.9742	-0.608683
22.7253	-0.623909
24.3775	-0.557032
21.8544	-0.809289
21.0452	-0.614271
13.6991	-0.713859
18.1145	-0.477127
19.7578	-0.499351
21.829	-0.534501
20.7697	-0.394889
22.86	-0.549478
19.306	-0.539543
18.9791	-0.498196
19.1763	-0.444921
22.4359	-0.701256
20.0109	-0.603081
19.8348	-0.441655
18.6356	-0.573567
19.4862	-0.506432
21.6686	-0.500095
22.1652	-0.542253
23.185	-0.335895
21.7431	-0.532865
24.6062	-0.676075
20.2988	-0.678265
20.8898	-0.675685
26.4225	-1.05626
21.9792	-0.683704
38.2752	-0.597101
43.02	-0.692424
34.2398	-1.02303
24.4239	-1.09464
30.9751	-0.765048
213.641	0.0747539
467.151	0.269751
458.783	-0.0444343
543.47	0.180347
524.013	-0.106005
505.045	-0.0757357
466.453	-0.0746474
368.565	-0.152755
248.064	-0.195856
125.522	-0.196301
54.5895	-0.78198
35.5417	-0.858547
32.4121	-1.03743
26.8533	-0.907427
29.4639	-0.668045
26.1357	-0.703644
242.081	0.421586
435.212	0.421647
135.693	-0.138683
680.206	-0.256318
893.744	-0.535792
900.272	-0.737217
992.192	-0.914185
1022.6	-1.04256
999.879	-1.16689
976.204	-1.19637
861.032	-1.23599
809.991	-1.0767
704.024	-0.955793
548.658	-0.852728
440.866	-0.773824
297.726	-0.948393
201.481	-1.45099
144.149	-1.88462
142.382	-1.88131
146.665	-1.73829
131.847	-1.82162
144.001	-1.48469
209.177	-0.860851
432.482	-0.575382
687.962	-0.698151
798.789	-0.948482
559.217	-1.22768
346.72	-1.0873
559.233	-1.22706
790.032	-1.22281
942.152	-1.2478
878.214	-1.35131
728.135	-1.34069
501.278	-1.50307
242.61	-1.82221
136.28	-1.59223
121.792	-0.991118
139.683	-0.466791
128.589	-0.0735906
127.702	-0.0170219
113.148	0.253727
100.873	0.149096
82.4625	-0.264603
74.9796	-0.632043
80.3561	-0.995696
218.157	-2.12722
471.213	-2.00104
598.528	-1.96497
752.153	-1.95085
757.78	-2.04361
590.405	-2.16474
331.938	-2.04047
100.867	-2.01298
97.5103	-1.66551
83.1459	-1.93551
113.337	-1.80515
133.02	-1.79698
147.312	-1.95557
154.629	-2.06832
174.941	-1.98988
183.664	-1.90177
167.282	-2.05674
189.421	-2.01736
210	-1.98956
360.568	-1.55102
747.021	-1.28877
748.416	-1.18207
658.772	-1.11234
509.496	-1.13879
299.269	-1.36075
137.55	-1.78517
104.059	-1.99788
86.1054	-2.09989
76.2789	-1.96217
64.3422	-1.94029
49.9701	-1.83803
57.648	-1.14779
138.684	-0.163495
79.1889	0.166671
110.021	0.484786
125.102	0.54053
134.459	0.315268
128.309	-0.0415509
107.466	-0.554227
106.1	-1.20319
261.512	-1.65975
482.074	-1.57708
610.738	-1.62687
608.662	-1.81824
614.671	-1.83222
600.839	-1.68974
763.212	-1.46381
796.201	-1.39715
784.714	-1.4385
694.989	-1.6293
740.514	-1.6543
806.125	-1.6618
827.489	-1.73386
715.329	-1.91949
511.072	-2.21683
411.898	-2.2097
363.933	-1.5787
336.335	-0.926954
242.641	-0.0957865
204.395	0.467866
150.072	0.546311
140.98	0.901937
134.812	0.611462
142.026	0.53011
139.454	0.737094
126.969	0.636565
112.713	0.357384
64.447	-0.331766
59.0503	-1.25936
322.661	-1.55753
450.539	-1.78686
372.848	-2.21024
415.125	-2.12338
264.227	-2.15183
183.125	-2.05392
164.624	-2.15053
149.912	-2.15826
132.066	-2.16222
111.483	-2.16789
96.9533	-2.00553
82.1705	-1.88679
61.662	-1.82722
47.8056	-1.72658
35.2701	-1.54644
31.7556	-1.27668
27.0456	-0.932718
84.4004	-0.157616
308.772	-0.0551071
183.834	-0.69433
159.863	-0.501565
151.895	-1.00295
280.181	-1.21405
119.812	-0.79913
273.14	-1.19011
579.63	-1.03697
668.323	-1.15951
650.371	-1.32498
614.088	-1.3612
571.181	-1.40612
530.881	-1.32366
476.41	-1.26889
398.626	-1.37622
333.441	-1.50454
274.47	-1.55058
201.447	-1.64024
78.9138	-2.0063
62.7178	-1.86836
70.2273	-1.70823
63.3667	-1.93733
67.951	-1.75512
58.9503	-1.92485
65.3278	-1.92696
92.1567	-1.5086
134.207	-0.97987
107.537	-0.693973
104.021	-0.589239
97.4326	-0.702888
99.9424	-0.634117
108.826	-0.600406
83.0187	-0.64266
69.9875	-0.889781
57.7276	-0.99321
65.4943	-0.585061
70.6716	-0.0841333
94.6709	0.430667
94.3159	0.413102
105.786	0.305503
111.096	0.363921
95.3805	0.171529
111.559	0.256166
108.597	0.232487
110.077	0.162289
98.0421	0.24904
82.6719	0.215777
82.7229	0.061035
76.889	-0.015303
66.1554	-0.152659
42.103	-0.285891
32.469	-0.388316
28.5393	-0.803086
28.4991	-0.818704
26.4243	-0.867569
23.6976	-0.905342
25.1221	-0.870346
24.8418	-0.784951
22.8407	-0.799798
23.6944	-0.940137
24.4524	-0.838054
23.0473	-0.745786
20.4449	-0.728652
21.6066	-0.754887
16.3385	-0.726474
16.6718	-0.709814
18.0816	-0.450226
20.5485	-0.669508
18.764	-0.610308
18.601	-0.482833
17.956	-0.658428
17.2661	-0.499825
21.6571	-0.782027
25.1276	-0.356333
35.2247	0.120815
46.8361	0.181859
61.5878	0.275611
85.3652	0.485439
94.1758	0.670233
93.7359	0.579056
91.3097	0.584263
88.3069	0.402074
214.858	-0.152759
393.054	-0.344465
347.926	-0.711546
404.697	-0.505167
367.061	-0.410644
246.302	-0.64206
162.548	-0.525199
166.353	-0.253122
146.683	0.0465734
155.139	0.43453
153.376	0.585881
167.312	0.588597
147.93	0.716111
145.549	0.738419
134.415	0.348775
151.983	0.230102
147.158	-0.0388342
90.0845	-0.237157
94.9792	-0.948873
586.359	-1.28927
686.742	-1.73558
853.338	-1.72908
1124.32	-1.57781
1555.49	-1.2711
1606.96	-1.30633
1783.56	-1.21603
1857.4	-1.19306
1678.33	-1.30972
1606.36	-1.35383
1564.98	-1.35782
1546.35	-1.30312
1578.61	-1.22457
1565.25	-1.15475
1375.9	-1.06216
1055.63	-1.02018
710.42	-1.0578
314.28	-1.48884
235.66	-1.57202
193.147	-1.59161
152.492	-1.70417
123.99	-1.80717
99.7664	-1.96564
79.7968	-2.01259
78.2301	-1.79241
56.6408	-1.71746
47.2883	-1.84477
35.1325	-1.45536
135.606	-0.146587
100.841	0.062306
103.027	0.905674
119.505	0.977909
134.382	0.986057
135.245	0.903096
114.694	0.812954
102.366	0.767507
68.8658	0.467645
49.5763	-0.532398
42.2871	-1.56645
27.3434	-0.999134
22.7751	-0.741441
22.6271	-0.588461
22.3532	-0.506961
20.2166	-0.511192
18.6685	-0.712075
18.6704	-0.446081
18.7084	-0.487446
20.4018	-0.69658
24.808	-1.29931
23.7956	-1.04867
56.0876	-1.79839
165.546	-2.00284
170.289	-2.06891
186.749	-1.98694
168.636	-2.00912
153.38	-2.0495
137.731	-1.94736
140.097	-1.89027
138.09	-1.91469
128.694	-1.96411
121.553	-2.00811
126.247	-1.92611
119.484	-1.87728
93.7644	-2.0119
89.4738	-2.07021
90.1197	-2.1282
104.832	-1.98486
108.322	-2.05252
112.623	-2.08397
145.482	-1.86356
355.494	-1.48544
605.834	-1.15577
669.135	-1.0132
756.131	-0.918989
787.598	-0.866047
858.139	-0.824539
857.309	-0.811551
835.977	-0.807344
801.729	-0.851907
752.721	-0.940399
666.277	-1.05463
516.322	-1.32414
380.993	-1.53411
230.298	-1.87722
179.246	-1.69404
139.442	-1.61922
94.9162	-1.73963
83.0817	-1.3444
70.2738	-0.743802
86.8595	-0.318461
110.619	0.216905
94.2378	0.415184
84.8373	0.177795
78.8684	0.280349
62.2914	0.109753
69.2088	0.0986255
56.0904	0.243198
57.3406	0.427218
50.1303	0.323112
33.2011	-0.693228
18.9237	-0.987524
19.1181	-0.671054
20.7312	-0.718688
18.618	-0.580233
19.9763	-0.390028
19.3456	-0.523716
19.7288	-0.555232
16.8697	-0.756722
18.5941	-0.445154
33.1153	-0.762495
65.5047	-0.886737
42.0279	-0.381655
48.6129	-0.683805
219.324	-0.707345
391.767	-1.23378
251.282	-1.70888
158.389	-1.82478
94.7571	-1.77018
64.806	-2.27241
55.6299	-2.3637
50.672	-2.10362
49.5456	-1.93328
60.1502	-1.88223
82.1778	-1.55762
137.739	-1.45019
211.52	-1.26463
361.493	-1.1276
565.648	-0.73752
671.089	-0.53188
720.424	-0.360523
674.563	-0.224241
449.523	-0.311617
113.634	-0.538075
42.9011	-1.31718
40.0695	-1.5785
36.1615	-1.54076
33.4304	-1.37361
39.3619	-1.34162
34.7931	-1.52886
30.8814	-1.52356
29.1157	-1.3891
30.2051	-1.33026
64.2683	-0.965464
201.332	-0.637147
278.354	-0.465665
279.348	-0.413032
475.756	-0.0227068
455.627	-0.19337
526.557	-0.0418489
543.466	0.0938145
503.784	0.0440193
504.856	-0.0116522
487.099	0.0169526
480.292	0.0885469
452.922	0.0896556
445.359	0.0160228
431.89	-0.0860198
455.466	-0.226133
517.393	-0.33724
552.297	-0.512725
556.589	-0.675055
559.438	-0.873714
490.867	-0.997919
375.413	-1.27119
361.033	-1.36145
250.111	-1.80513
239.283	-1.49558
254.617	-1.44562
161.821	-1.69603
119.452	-1.89484
129.787	-1.64579
71.0622	-1.51481
45.4633	-1.40941
55.9645	-0.700428
62.7043	-0.195566
71.4976	0.0374285
63.6742	0.0436813
53.6266	0.227573
54.5069	0.296835
56.3509	0.390703
55.5587	0.341816
49.9028	0.363086
61.6894	0.310229
60.8155	0.155701
71.3721	-0.306499
53.5476	0.289954
41.7768	0.0252217
33.9633	0.29955
30.0735	0.275074
25.5307	-0.0470562
25.2369	-0.276782
21.9414	-0.383485
20.3362	-0.488698
20.1141	-0.775159
18.8515	-0.517723
20.347	-0.606551
20.3848	-0.465014
17.9725	-0.559201
20.1257	-0.568806
30.5791	-0.367053
32.5067	-0.370335
44.5243	0.056307
70.6506	0.0290609
96.1831	0.121369
158.418	0.268456
206.999	0.326249
180.751	0.199796
134.438	-0.241914
1074.43	-0.447337
1231.11	-0.662305
1171.43	-0.607467
1152.23	-0.635907
1122.4	-0.594008
1069.78	-0.530749
941.408	-0.617765
895.841	-0.651316
927.936	-0.67826
1040.99	-0.743452
1225.6	-0.749304
1354.7	-0.739276
1339.29	-0.848992
1176.44	-1.00538
839.062	-1.32664
562.124	-1.63279
373.96	-1.89077
223.938	-2.25645
213.308	-2.12649
183.446	-2.20181
176	-2.17421
163.382	-2.14159
140.054	-2.17667
224.149	-1.66056
567.157	-1.2642
814.391	-1.42614
922.236	-1.5611
670.42	-1.77809
251.876	-1.83575
396.323	-1.83428
610.161	-1.78157
950.531	-1.53303
1091.02	-1.47767
1095.62	-1.47864
974.251	-1.58877
723.343	-1.85034
455.021	-2.15512
223.384	-1.92172
178.282	-1.92412
139.27	-1.97489
105.087	-2.09411
85.6245	-2.02261
68.0824	-1.95675
50.157	-1.94201
72.6217	-0.950457
145.173	-0.458383
72.6539	0.0263094
98.0488	0.335123
108.774	0.54032
124.683	0.4112
109.518	0.166082
72.6088	-0.0351258
51.7799	-0.837034
61.2913	-0.998336
220.385	-1.35062
639.25	-1.76712
674.454	-1.825
1063.65	-1.49189
1071.31	-1.5491
1177.88	-1.45176
1219.52	-1.37867
1144.86	-1.42509
1059.04	-1.43714
891.128	-1.51066
377.063	-1.76212
74.2698	-1.85531
44.9417	-1.60157
34.2965	-1.48163
32.6479	-1.23688
31.5124	-1.12092
67.7598	-0.666997
101.095	-0.635064
435.147	-1.50825
723.595	-1.58576
895.393	-1.50999
838.73	-1.72432
992.862	-1.51135
787.616	-1.72183
624.729	-1.93658
375.789	-1.86271
67.5325	-1.93122
42.9184	-1.78005
44.6885	-1.73399
38.4854	-1.70768
104.049	-0.406894
96.1791	-0.117525
95.1611	0.324765
126.027	0.700787
136.101	0.240408
169.988	-0.239317
165.219	-0.963617
247.613	-1.44419
335.61	-1.57077
442.656	-1.43453
493.532	-1.39729
460.02	-1.61163
329.45	-1.79623
188.686	-1.61266
285.16	-1.54054
453.236	-1.54185
593.253	-1.54589
634.332	-1.65066
648.18	-1.66063
548.816	-1.9822
536.325	-1.93333
496.066	-1.96145
323.209	-1.89973
174.785	-1.59202
156.941	-1.64586
124.522	-1.73637
107.761	-1.71055
78.5978	-1.67087
50.5508	-1.68798
34.304	-1.65242
31.0999	-1.36147
110.679	-0.369373
295.041	-0.303301
170.746	-0.810551
76.6381	-1.0867
84.4011	-1.67741
460.395	-1.58495
470.645	-1.64805
484.005	-1.68564
368.302	-1.74779
230.34	-1.72056
62.6067	-1.6064
33.6209	-1.29153
27.4543	-1.44223
26.6425	-1.25403
27.2791	-1.077
109.267	-0.445673
393.098	-0.625154
343.854	-0.771302
96.5026	-1.18553
651.939	-1.4587
636.099	-1.8539
576.446	-2.03122
544.547	-1.97099
450.614	-1.95566
386.58	-2.14328
399.184	-2.06266
369.45	-2.00942
328.027	-2.00856
277.093	-2.0559
291.399	-1.7731
247.258	-1.71876
184.192	-1.67052
90.953	-1.56816
45.9821	-1.67755
72.5928	-1.01077
64.9751	-0.995151
70.0619	-0.720633
262.675	-0.479044
284.48	-0.470401
367.469	-0.637276
412.67	-0.743275
328.355	-0.286936
314.37	-0.26439
332.497	-0.200818
282.975	-0.406432
313.353	-0.196363
335.354	-0.223397
356.946	-0.194374
309.507	-0.448481
315.893	-0.538585
423.221	-0.370333
508.264	-0.389926
538.326	-0.649088
248.096	-0.981139
275.318	-1.1193
228.159	-1.45023
225.303	-1.56434
199.211	-1.50409
169.053	-1.58171
114.946	-1.71555
69.956	-1.98357
85.1074	-1.76848
69.865	-1.74206
48.2925	-1.45815
42.4553	-1.56044
41.1541	-1.30562
34.9637	-1.15504
29.9296	-1.03193
23.8383	-0.858807
21.7309	-0.901915
20.8077	-0.865984
19.9732	-0.675141
20.6357	-0.790336
20.6768	-0.678724
22.0002	-0.545688
18.2608	-0.563409
18.2491	-0.474646
19.2269	-0.416388
21.8121	-0.738466
18.2463	-0.514813
29.4671	-0.0834796
17.0964	-0.538599
19.764	-0.606805
19.1193	-0.606145
18.7461	-0.429687
38.7612	-0.0210098
20.4058	-0.238061
15.9591	-0.394119
19.8676	-0.651108
18.4857	-0.774921
17.344	-0.752529
19.7949	-0.803482
41.3901	-0.753283
120.447	-1.24133
185.228	-1.7258
318.571	-1.56677
340.845	-1.72002
571.045	-1.01176
823.816	-1.4458
815.076	-1.96998
954.258	-1.77832
966.793	-1.69418
699.815	-1.88196
530.71	-1.94357
343.446	-1.86209
191.839	-1.71154
154.575	-0.688048
164.482	-0.284118
194.224	0.0540005
145.055	0.401427
156.603	0.383948
168.414	0.399001
154.608	0.320331
132.214	0.0276958
202.618	-1.14643
584.556	-1.6789
649.2	-1.83651
779.051	-1.7713
701.642	-2.04724
539.583	-2.40216
452.011	-2.42949
379.574	-1.95949
312.741	-1.69446
266.23	-1.70342
298.665	-1.80098
296.178	-1.82568
137.682	-1.7428
36.4681	-1.70764
32.9245	-1.4971
32.7741	-1.37996
75.9563	-0.875821
175.259	-0.323079
70.0547	-1.02094
113.588	-1.70529
197.824	-1.81172
248.957	-1.9751
263.85	-2.079
277.502	-1.96772
271.61	-2.00712
281.903	-1.9212
259.768	-2.15955
286.992	-2.18337
339.503	-2.16432
612.783	-1.65552
585.983	-1.92942
576.05	-2.04073
622.287	-2.04559
632.772	-2.04151
515.686	-2.27215
528.567	-1.97835
491.701	-1.91462
386.454	-1.89426
255.274	-1.89502
206.799	-1.10005
161.333	-0.492358
160.499	-0.13056
132.661	0.312982
150.915	0.42167
175.196	0.36663
136.048	0.0256118
152.921	-0.0837819
115.927	-0.225912
155.042	-1.38533
175.233	-1.8855
223.265	-1.72503
246.215	-1.80335
237.68	-2.08423
194.255	-2.04734
171.887	-1.34932
151.817	-1.02669
150.931	-1.09097
113.841	-1.01958
33.2865	-1.12524
24.1433	-1.09271
22.9709	-1.04801
22.701	-0.731758
22.4982	-0.792101
24.0834	-0.95634
25.8149	-0.746283
131.972	-0.828988
167.858	-0.794397
146.112	-1.15864
500.324	-1.54503
625.088	-1.43393
628.271	-1.47308
648.62	-1.40709
606.367	-1.40421
536.436	-1.31709
386.498	-1.1663
174.342	-1.09179
81.2669	-0.899937
97.4432	-0.490235
44.6091	-0.618314
25.08	-1.05668
51.4769	-0.589896
74.4587	-0.189555
55.5443	0.337831
67.229	0.353037
76.5449	0.63409
135.392	-0.47525
301.447	-1.4062
331.425	-1.47418
385.587	-1.52273
455.783	-1.52432
472.804	-1.73111
498.591	-1.79068
549.903	-1.74549
516.568	-1.80055
472.003	-1.72109
220.84	-1.66014
43.8998	-1.69957
34.2537	-1.50704
33.1046	-1.38035
27.3963	-1.12633
25.4826	-0.958446
25.1146	-0.91641
37.1895	-1.05157
49.3715	-1.18208
52.6123	-0.917615
68.6571	-1.22063
208.614	-1.86635
119.617	-1.8678
57.5906	-1.76068
144.54	-1.8298
327.294	-1.70314
514.246	-1.55674
579.558	-1.36509
528.207	-1.50537
499.652	-1.51245
530.08	-1.42294
475.18	-1.57371
490.86	-1.44549
431.308	-1.48324
348.514	-1.59222
197.303	-1.83553
113.454	-1.84518
97.1278	-1.85847
99.7568	-1.76612
97.4067	-1.72855
102.169	-1.8103
93.5348	-1.89824
124.358	-1.55291
175.477	-1.01207
187.706	-0.688368
171.442	-0.590334
146.099	-0.68859
134.761	-0.838735
105.979	-0.886928
106.785	-0.733341
101.965	-0.689342
94.1555	-0.754183
51.2835	-1.15454
49.5077	-0.784293
65.0238	-0.212078
69.8738	0.271231
67.0161	0.734785
70.7971	0.696635
56.4041	0.923552
71.4687	1.01756
76.7259	0.949302
74.9327	0.840469
72.1408	0.742366
76.3904	0.782324
76.676	0.593635
73.9698	0.697683
69.9244	0.600606
93.0285	0.334844
53.8518	0.532359
48.3876	0.340878
36.4479	0.06406
36.8163	0.312828
32.1767	0.114804
29.2563	-0.258682
26.0012	-0.194103
22.9511	-0.31447
21.1993	-0.511636
21.778	-0.50963
21.2798	-0.562855
19.2293	-0.641409
18.3132	-0.60297
525.599	-1.43161
565.195	-2.09722
371.448	-2.24962
195.55	-2.31997
163.057	-2.1156
137.377	-2.19417
131.557	-2.06777
102.451	-2.09976
74.7237	-2.02463
47.8272	-1.9191
37.2873	-1.4602
528.831	-0.28529
363.941	-0.697513
397.206	-2.25597
310.055	-1.78727
289.711	-1.55492
505.415	-2.11636
605.188	-2.26666
639.011	-2.32541
730.14	-2.06726
608.843	-2.34672
557.849	-2.27689
437.459	-2.19629
282.445	-2.35351
183.71	-2.15198
138.576	-1.97116
170.448	-1.88005
207.011	-1.77699
226.554	-1.78474
283.61	-1.87894
350.307	-2.10788
466.867	-1.92639
475.012	-2.01574
522.785	-1.83986
504.519	-1.81253
511.936	-1.72314
486.785	-1.70283
455.23	-1.66846
454.121	-1.60406
432.785	-1.60449
393.627	-1.65486
424.243	-1.59591
458.86	-1.5401
464.174	-1.54439
445.771	-1.54214
365.328	-1.53989
350.495	-1.59647
410.279	-1.54713
463.957	-1.6336
529.221	-1.74204
607.688	-1.72429
577.64	-1.90209
617.693	-1.93104
612.731	-1.99548
617.364	-2.00146
581.409	-2.03768
557.049	-1.9559
285.585	-2.40241
197.6	-1.83136
179.152	-1.8432
192.313	-1.72779
177.651	-1.77722
158.03	-1.72712
138.531	-1.81071
114.235	-1.87401
92.0246	-1.88148
70.1516	-1.8993
48.7975	-1.80361
92.4902	-1.03595
221.992	-0.660452
174.532	-1.13563
304.252	-1.92227
495.24	-1.70215
225.421	-0.684389
144.411	0.464028
226.172	0.0840849
397.795	-1.21406
534.258	-1.87784
584.833	-2.03585
648.17	-1.93014
562.387	-2.15734
524.361	-2.26282
442.749	-2.30695
262.252	-2.33232
156.564	-2.05208
188.128	-1.90381
172.734	-2.038
198.599	-1.99048
217.094	-2.14489
414.642	-2.08259
521.22	-2.29582
556.787	-2.18824
572.845	-1.93943
439.645	-1.82848
231.852	-1.88319
100.976	-1.94569
53.7068	-1.9833
37.8931	-1.5206
32.8119	-1.21688
31.7596	-1.09237
157.845	-0.382434
352.52	-0.498037
112.149	-0.336791
183.472	-1.24688
595.747	-1.15876
513.114	-1.40811
478.338	-1.65909
256.971	-1.87275
82.2452	-1.41177
37.883	-1.64999
35.0564	-1.64046
34.9281	-1.61985
33.6328	-1.51208
30.4276	-1.54309
30.4915	-1.63195
38.1002	-1.40414
37.9608	-1.42054
71.7802	-0.616677
161.718	-0.0369903
120.28	-0.19895
202.338	-0.0454446
126.127	0.453362
103.927	0.1111
102.315	-0.384347
172.065	-1.33884
505.912	-1.25177
502.566	-1.45369
481.156	-1.58925
192.421	-1.90412
179.742	-2.04314
152.272	-1.8479
218.162	-1.776
113.639	-2.04889
93.6472	-2.24482
89.2199	-1.96861
90.9392	-2.30798
76.0853	-1.99864
62.4016	-1.86214
38.7089	-1.75624
26.0464	-1.36051
24.7038	-0.841007
23.8458	-0.642018
22.9231	-0.654118
19.5158	-0.711303
20.4848	-0.616347
23.2587	-0.649821
20.0704	-0.719147
21.6572	-0.625383
23.4611	-0.551373
237.849	-1.07519
116.123	-1.14209
93.0268	-0.796268
57.4929	-0.768939
45.8873	-0.600433
38.5809	-0.839769
32.442	-1.02504
26.149	-0.793231
23.9184	-0.650396
26.8694	-0.717799
21.4138	-0.710816
21.6993	-0.443495
22.2775	-0.759829
19.4638	-0.318697
19.7973	-0.612372
21.2771	-0.69153
14.7605	-0.291216
19.5568	-0.443263
16.6116	-0.370909
18.3099	-0.45885
20.0848	-0.569228
19.9618	-0.414822
19.7926	-0.63667
20.1723	-0.669244
32.9775	-0.98524
234.723	-1.4064
748.622	-1.15568
653.741	-1.85618
733.494	-2.01066
857.834	-1.96019
990.116	-1.89245
1137.18	-1.63228
1088.5	-1.61316
948.69	-1.63013
777.616	-1.59228
562.185	-1.67839
447.921	-1.64717
356.622	-1.62038
297.333	-1.44417
244.356	-1.44749
223.292	-1.38094
216.651	-1.35811
197.975	-1.23628
210.076	-1.03348
211.491	-0.948021
227.425	-0.889834
283.984	-0.826055
411.041	-0.789732
597.571	-0.705148
785.135	-0.459421
886.682	-0.226023
962.503	-0.0183761
964.7	0.055086
946.489	0.00781183
930.973	-0.144139
918.051	-0.29573
888.906	-0.50674
816.558	-0.837635
612.024	-1.23798
335.891	-1.60719
217.513	-1.46911
140.28	-1.60389
147.272	-1.50634
154.193	-1.91378
101.635	-1.9106
110.448	-1.78854
124.651	-1.68128
136.44	-1.73144
133.922	-1.96342
151.269	-1.93716
358.512	-1.66974
430.441	-2.05632
596.485	-1.88955
635.955	-1.86639
627.266	-1.86157
681.072	-1.70201
698.786	-1.67104
737.342	-1.55388
757.275	-1.49731
700.967	-1.50183
606.007	-1.53756
474.629	-1.55119
354.748	-1.4153
256.662	-1.15971
148.261	-1.05625
132.581	0.198907
126.37	0.545568
118.453	0.650056
124.128	0.923585
151.604	0.93486
147.91	0.520757
150.114	0.682691
142.433	0.305689
81.3505	-0.079769
49.5463	-0.760368
71.8685	-1.62189
163.966	-1.84348
135.831	-1.93898
134.395	-2.04144
141.099	-2.01229
140.843	-1.92117
122.124	-1.9871
109.868	-2.00129
81.295	-1.91804
44.3979	-1.79945
30.7786	-1.27018
24.4706	-1.0676
38.2991	-0.838909
184.001	-0.498978
74.7868	-0.70727
245.496	-2.11583
465.688	-1.66314
481.635	-1.69658
431.21	-1.69869
280.747	-1.80661
156.2	-1.69634
124.149	-0.84165
116.463	-0.20707
110.8	-0.00353977
113.513	0.0988096
112.564	-0.0548738
91.9397	-0.0349829
97.5156	-0.136078
69.049	-0.390635
57.8531	-1.10131
229.122	-1.77532
333.503	-2.25579
352.488	-2.05639
291.029	-2.15367
193.04	-1.90207
84.5899	-1.81394
36.8338	-1.51313
28.0204	-1.38261
25.5446	-1.11607
23.5644	-0.753928
19.4983	-0.993966
21.3114	-0.856282
36.4004	-0.832623
73.6856	-1.14018
28.3375	-0.935191
196.85	-1.08831
656.45	-1.13549
525.472	-1.53221
555.448	-1.35899
318.131	-1.50323
133.406	-1.94963
128.57	-2.10858
142.721	-1.95865
120.375	-2.05967
121.474	-1.9597
123.012	-1.95854
113.098	-1.97096
90.519	-1.99906
107.087	-1.53759
109.324	-1.14832
77.496	-0.80685
59.8753	-0.489505
74.2038	-0.359785
60.3037	-0.102051
55.524	0.0243224
44.1913	0.220953
34.3875	-0.118897
28.5995	-0.405341
33.5907	-0.969138
83.0587	-1.95178
114.091	-2.16018
142.238	-2.31718
176.001	-2.28348
212.94	-2.25338
269.138	-2.12648
258.506	-2.11247
206.726	-2.1127
143.948	-2.18226
97.8145	-1.70627
90.2009	-0.871262
109.833	-0.175665
139.545	0.689707
151.165	1.08609
167.527	1.15811
200.758	1.26878
223.676	1.19677
153.698	1.15337
154.299	0.935389
140.758	0.590432
72.9436	0.288764
48.833	-0.648416
79.5253	-1.65296
138.378	-1.63028
167.6	-1.43474
181.374	-1.42416
202.882	-1.34787
194.36	-1.47736
149.933	-1.73118
124.05	-1.87443
144.369	-1.84823
162.541	-2.03714
202.824	-2.16669
278.816	-2.06412
373.372	-1.797
442.084	-1.68889
444.339	-1.69814
469.753	-1.65616
442.072	-1.79303
404.55	-1.89626
394.58	-1.84869
394.729	-1.75987
396.629	-1.94946
306.755	-1.80234
230.269	-1.831
107.534	-1.95162
150.966	-1.60663
101.348	-1.70554
93.8885	-1.5932
88.3176	-1.78265
75.7673	-1.80197
79.4165	-1.71885
79.4876	-1.51769
59.5689	-1.43962
46.8974	-1.32877
42.6793	-1.40306
37.7086	-1.21236
12.0892	-0.0773391
17.6771	-0.31339
18.3723	-0.588154
17.2594	-0.451473
34.6308	-1.39737
81.2476	-1.91002
161.469	-2.09846
179.818	-2.01996
217.449	-2.05624
254.189	-2.00358
299.984	-1.62233
173.722	-1.78077
182.006	-1.80013
227.468	-1.70989
396.78	-1.11576
353.159	-1.41909
529.923	-1.82941
649.553	-1.97136
770.974	-1.98803
787.132	-2.07203
775.634	-1.79039
725.497	-1.37893
514.721	-1.93036
332.694	-2.13438
238.669	-1.8637
143.778	-1.61303
63.2453	-1.5407
53.6439	-1.21577
44.6068	-0.714615
56.8117	-0.329404
219.865	-0.548166
417.278	-0.785044
478.873	-0.832756
576.449	-0.902755
686.036	-1.28324
770.044	-1.58924
868.515	-1.55761
770.62	-1.55807
464.679	-1.63265
215.458	-1.68134
194.577	-0.408434
174.051	0.0688372
184.231	0.398369
194.744	0.361898
193.259	0.434029
184.078	-0.32751
195.751	-1.2659
197.422	-1.55812
122.295	-1.83224
80.7536	-1.75865
50.602	-1.73175
41.4803	-1.66302
35.8831	-1.59704
36.2644	-1.49037
153.4	-1.28275
320.602	-1.60442
538.614	-1.84912
619.932	-1.88402
735.986	-1.87021
788.389	-1.78666
552.451	-1.98799
271.905	-1.82382
302.112	-1.78934
336.529	-2.2158
188.622	-2.30625
50.88	-2.14161
39.6468	-1.76959
33.8106	-1.53819
31.6773	-1.46659
31.3338	-1.02629
26.3448	-0.917178
31.9947	-0.907202
27.145	-1.2096
34.6461	-1.42386
59.9431	-1.73524
98.7653	-1.93927
178.65	-1.81146
228.472	-1.98812
277.157	-1.80601
160.818	-1.41319
48.5234	-1.48815
31.6089	-1.581
31.9747	-1.20128
195.237	-0.445918
231.961	-0.296654
195.3	-0.175713
84.6694	-0.709427
57.5498	-1.20947
487.065	-1.75031
576.105	-1.87269
754.899	-1.57429
618.591	-1.74587
598.271	-1.63621
451.434	-1.75743
309.68	-1.87621
184.364	-2.02085
150.679	-1.88184
134.045	-1.77185
103.422	-1.90896
81.1796	-1.82789
48.4469	-1.75299
94.5666	-0.654421
117.873	-0.152584
93.2676	-0.0203545
120.811	0.111682
133.541	0.390626
146.525	0.305389
131.266	-0.574244
285.192	-1.48646
408.69	-1.50935
536.42	-1.45151
600.656	-1.48278
545.297	-1.7492
552.922	-1.89814
505.46	-2.08292
571.924	-1.85368
629.76	-1.7639
686.868	-1.7244
832.146	-1.55781
917.111	-1.40827
996.096	-1.18347
981.973	-1.01734
880.283	-0.771194
749.291	-0.548575
520.74	-0.517754
315.413	-0.8129
129.361	-1.95351
120.167	-2.01047
111.743	-1.9167
100.53	-1.93869
69.5589	-1.91363
40.6535	-1.58192
30.7625	-1.42791
28.1758	-1.25672
27.917	-1.00528
194.704	-0.205648
276.245	-0.335505
262.602	-1.36119
855.839	-1.48286
819.605	-1.54682
840.279	-1.57641
771.088	-1.76746
646.732	-2.06668
535.239	-1.95945
249.683	-1.41256
380.404	-1.62797
508.474	-1.8405
387.855	-2.05906
206.476	-2.14464
102.452	-2.13429
93.3094	-2.04458
99.6209	-1.91245
136.876	-1.87384
219.121	-1.67963
340.703	-1.72755
426.171	-1.88051
500.729	-1.87029
601.865	-1.7509
631.747	-1.66046
593.722	-1.76183
525.335	-1.79861
307.603	-2.11356
166.812	-1.98197
143.898	-1.79912
137.97	-1.86015
141.498	-1.77931
141.96	-1.69639
225.789	-1.08104
245.963	-0.925859
280.448	-0.624345
339.58	-0.459636
376.292	-0.328655
461.817	-0.190084
549.882	-0.227642
669.911	-0.41051
739.062	-0.767287
818.778	-1.00256
812.39	-1.34261
876.105	-1.51339
943.84	-1.56118
834.642	-1.79445
567.497	-2.05949
538.771	-1.83783
546.468	-1.76814
784.999	-1.21016
616.788	-1.73276
832.62	-1.46811
1096.23	-1.33963
1094.42	-1.26642
867.371	-1.41816
691.712	-1.40293
495.017	-1.51762
342.989	-1.59021
244.7	-1.7095
196.768	-1.83429
179.316	-1.83108
157.567	-1.93306
161.286	-1.93298
132.933	-1.71661
121.793	-1.77837
119.535	-1.69866
114.336	-1.68893
99.299	-1.77276
108.321	-1.57078
141.971	-1.04701
189.45	-0.580083
220.436	-0.396046
312.64	-0.193523
418.954	-0.111785
561.488	-0.169816
653.771	-0.318773
679.739	-0.484977
601.762	-0.738287
425.842	-1.20176
272.149	-1.47605
164.526	-1.42564
119.927	-0.821057
105.161	-0.255257
186.937	0.477649
176.634	0.632557
172.195	0.552924
164.144	0.64216
168.998	0.507131
146.398	0.284887
142.283	0.22224
133.66	-0.245931
114.519	-0.596866
77.3415	-0.662048
55.4885	-1.14405
80.5666	-1.69469
152.028	-1.49538
112.191	-1.39049
98.127	-1.4681
81.7923	-1.53499
86.6853	-1.60721
74.4849	-1.495
103.869	-1.29084
190.622	-0.876553
266.828	-0.761981
344.366	-0.525952
421.402	-0.21848
501.081	-0.167784
590.362	-0.193063
656.393	-0.290401
729.622	-0.531285
630.093	-0.929999
693.756	-1.03055
604.733	-1.20111
537.538	-1.2667
484.562	-1.10498
361.856	-1.24903
98.8363	-1.35077
39.8847	-1.20162
30.9422	-0.974829
29.2313	-0.876883
44.2221	-0.457894
205.707	0.177435
123.64	-0.557874
68.1212	-0.342843
62.3242	-0.238297
57.762	-0.407434
174.304	-0.814252
293.187	-0.496117
293.636	-0.515957
197.04	-0.567186
104.73	-0.665381
169.33	-0.886135
52.2751	-0.364845
44.4567	-0.4658
38.5938	-0.387132
44.6889	-0.617534
51.1493	-0.66027
54.5451	-1.04375
60.9576	-1.05045
71.1275	-0.704288
67.8177	-0.987512
75.5046	-1.5559
78.7124	-1.84609
79.22	-1.83738
74.0869	-1.94958
67.4922	-1.69772
58.823	-1.90895
51.2114	-1.67152
41.4091	-1.56422
37.7824	-1.27501
33.6257	-1.28184
34.307	-1.2119
32.6993	-1.16786
25.614	-1.01568
20.4469	-0.818299
21.4902	-0.552299
22.1837	-0.623314
17.8385	-0.720543
22.1222	-0.647916
17.4209	-0.579616
