2.62859	0.412484
3.06624	0.671889
2.96771	0.718397
3.10873	0.578357
2.95656	0.595811
2.83932	0.710712
2.73492	0.787553
2.92099	0.599489
2.83715	0.529977
2.84672	0.717949
2.75244	0.529102
2.98002	0.5744
2.81707	0.638409
2.73377	0.714221
2.88438	0.665583
3.90146	1.87563
4.6394	2.03217
4.87706	1.98451
5.21647	2.18648
5.3472	2.13502
5.52108	1.96773
5.51775	1.9716
5.53069	1.89676
5.33557	2.08567
5.13647	2.0214
5.14844	1.99154
5.25419	1.98286
5.25945	1.95429
5.27608	1.96428
5.29871	2.0004
5.28628	2.0271
5.34727	1.97944
5.34082	2.02666
5.364	1.86135
5.32908	1.89146
5.37404	1.85037
6.14574	1.51863
6.71721	1.65335
6.82181	1.49352
6.93705	1.3331
6.92414	1.29637
6.80295	1.47393
6.80766	1.43113
6.89189	1.18697
6.71364	1.32312
6.60222	1.27795
6.34832	1.17175
5.42182	0.816828
5.91798	0.559008
6.28133	0.793142
6.59886	0.579961
6.89144	0.0617431
6.94199	-0.098027
6.86573	-0.0745317
6.72389	0.109001
6.64074	0.218671
6.48795	0.447
5.97382	0.832215
4.63658	1.27118
4.39803	1.34379
4.66801	1.47555
4.76044	1.62722
4.94261	1.68716
4.89648	1.75543
4.99645	1.73103
5.07773	1.73132
5.0312	1.74672
5.46527	1.52566
6.03558	1.59323
6.22477	1.68914
6.31164	1.57954
6.3487	1.47575
6.32488	1.4486
6.30996	1.23877
6.19685	1.08284
5.81058	0.91445
5.30155	0.729587
4.99182	0.39058
4.63705	0.373578
4.83865	0.461645
4.9571	0.544169
5.32013	0.541836
5.33009	0.84165
5.50277	0.987927
5.79299	0.924401
6.02724	0.949134
6.13513	1.08626
6.06894	1.23538
5.68428	1.44087
4.88224	1.83972
4.49688	1.83356
4.33164	1.94394
4.2173	1.94849
4.02608	1.82862
4.60705	1.07783
4.49316	0.924359
4.23186	0.726196
4.75502	-0.313182
4.77141	0.0415772
4.7471	-0.131838
4.62638	-0.172003
3.58277	0.467495
3.17922	0.529831
3.10333	0.844673
3.30856	0.925905
4.45394	1.95353
4.70469	2.07813
4.9525	1.85541
6.36002	0.429272
6.42534	0.90965
5.78787	1.53842
5.34771	1.88851
4.87395	2.04011
4.45702	1.96716
4.035	1.80253
3.73171	1.39526
3.71474	1.19421
3.70259	0.706773
3.66373	0.261066
3.79367	-0.125458
3.83146	-0.45042
4.16855	-0.873658
4.38744	-0.898936
4.66049	-1.39408
4.74247	-1.04745
4.53768	-0.662459
4.18568	-0.585841
4.17447	-0.0882948
3.88564	0.0277132
3.36866	0.448067
3.05358	0.599176
3.02787	0.36166
2.94377	0.627577
2.80183	0.547845
2.97534	0.732179
3.17972	0.607369
3.48994	0.673543
3.58552	1.13996
4.64898	1.29493
6.08653	1.27764
4.36896	1.24452
3.45745	1.43364
5.50983	0.155854
6.17142	0.756208
6.52988	1.21055
6.57121	1.19079
6.56709	1.24528
6.52348	1.29564
6.43803	1.4081
6.39651	1.40067
6.45689	1.2054
6.41647	1.26367
6.22393	1.56148
6.20195	1.62512
6.09782	1.83402
5.89797	1.96711
5.74714	2.05311
5.92291	2.0143
5.78486	2.18019
5.56479	2.24956
4.57597	1.90162
3.55561	1.79736
3.56417	1.59167
3.42712	1.67903
3.5045	1.62631
3.40432	1.5981
3.18582	1.39526
3.55697	0.85008
4.3958	0.317615
3.49557	0.94115
3.54287	1.09954
3.42087	1.22857
3.42082	1.11591
3.63689	1.07018
3.7792	1.52167
4.08599	1.78083
4.54187	1.85072
5.01688	1.82121
4.84018	2.03275
4.65498	1.57766
4.65097	2.02712
5.75078	2.32391
4.76851	1.7863
4.46488	1.45623
3.77943	1.57147
4.07303	2.18622
3.79686	1.94566
3.73665	1.92543
3.58903	1.7196
3.52677	1.54119
3.34457	1.50636
3.35696	1.28868
3.26479	1.25984
3.1051	1.19628
3.18339	1.02222
3.00164	0.824846
2.85473	0.610435
2.98801	0.469717
2.87172	0.573195
2.99991	0.626427
2.89791	0.600175
2.68678	0.547772
2.90637	0.579924
2.92776	0.622268
2.92181	0.532784
2.62981	0.684017
2.96611	-0.142695
3.11594	0.0366968
2.61095	0.690401
2.62438	0.560551
2.51202	0.691327
2.62667	0.690814
2.7158	0.718767
2.61585	0.664584
2.59303	0.406296
2.6357	0.327433
3.01166	0.534996
5.76498	0.273317
5.69609	0.439066
6.08642	1.46342
6.26969	1.26957
5.31369	1.25491
5.27128	0.901417
5.84146	1.27814
6.20937	1.49488
6.49309	1.43043
6.55079	1.46969
6.64083	1.40849
6.60296	1.50248
6.6633	1.34661
6.61488	1.32131
6.41198	1.36728
6.30382	1.2815
6.07936	1.17069
5.75593	1.17799
5.57235	1.17821
5.4155	1.19352
5.30747	1.17488
5.30081	1.13371
5.53108	0.862533
5.88194	0.514175
6.17516	0.46676
6.50146	0.36786
6.76848	0.415346
7.027	0.530572
7.07566	0.73736
6.85624	0.989045
6.5591	1.17034
6.22608	1.30107
5.98306	1.4158
5.88087	1.40924
5.85147	1.54195
5.60453	2.04
4.88107	2.2247
4.20704	1.64834
5.47516	1.42772
5.93296	1.80854
5.69514	2.10843
5.27418	1.56869
6.06281	1.72207
6.51788	1.79332
6.77568	1.49646
6.91521	1.33037
7.10792	1.18712
7.27059	1.02607
7.28701	1.05492
7.35052	0.97598
7.37198	0.968242
7.32963	1.06939
7.32469	1.10304
7.25767	1.19093
7.10077	1.37775
6.91624	1.5503
6.68067	1.49975
6.44406	1.46176
6.35752	1.4412
6.32437	1.39499
5.94513	1.55365
5.30287	1.53896
5.25161	1.52399
5.20648	1.56594
5.15782	1.63373
5.27371	1.58556
5.38502	1.53009
5.95861	1.65369
6.41139	1.28812
6.37582	1.27459
6.20199	1.41115
5.82185	1.60255
5.22725	1.58216
4.81381	1.77137
4.72321	1.82379
4.63854	1.77213
4.48734	1.76794
4.17666	1.93648
4.38984	1.76661
3.96551	1.81511
3.48476	1.41356
2.91342	1.04975
2.90711	0.96955
2.88275	0.906106
5.03202	0.578111
6.28838	0.528196
4.78119	0.457712
5.81076	1.69003
6.52251	1.43528
5.83352	1.85609
6.02982	2.304
4.58232	2.32171
3.74987	1.74955
3.40359	1.55786
3.20258	1.64403
3.74797	1.08054
5.25512	0.716207
4.73006	1.13064
4.38626	1.42783
5.51112	1.86058
6.19069	1.27255
6.19611	1.24612
6.00215	1.28407
5.52485	1.47889
4.58749	1.54007
3.28515	1.49298
2.95662	1.1977
3.08534	1.2164
4.86003	0.606355
4.89977	0.533105
3.87794	0.82471
3.59894	1.194
5.32523	1.79448
5.75527	1.68945
5.72618	1.78004
5.27584	1.46757
4.73793	1.26297
4.69686	0.440782
4.78692	-0.323423
4.68738	-0.483392
4.69916	-0.856392
4.73753	-1.21872
4.76681	-1.18001
4.62912	-1.16861
4.58272	-0.924378
4.57898	-0.677248
4.32296	-0.203384
4.6209	1.22379
5.36909	1.02381
5.78114	1.03365
5.57292	1.28997
5.61596	1.09387
4.62576	1.26866
4.32859	0.502187
4.40994	-0.1723
4.34299	-0.390756
4.04008	-0.0985298
3.43683	0.126272
3.44704	0.302403
3.20522	0.263423
3.03993	0.24898
3.07012	0.291398
3.29999	0.883645
3.31656	0.604956
3.75625	0.770422
5.02957	1.95188
5.51893	2.26313
4.8373	2.43312
4.99062	2.28881
4.90624	1.72054
4.61543	1.80461
4.55803	1.86774
4.63698	1.69187
4.7164	1.37517
4.71801	1.08179
4.85092	0.895182
4.99862	0.805256
4.74689	1.42044
4.16608	1.85519
3.91413	2.09525
3.88276	1.91678
3.88314	1.78558
3.76159	1.81549
3.6179	1.68987
3.17901	1.60991
3.11781	1.46278
3.04873	1.36936
2.8802	1.13741
5.06574	0.959121
4.62739	0.927266
4.12965	0.696678
3.59	1.12768
3.96341	1.9111
4.99582	2.04619
5.17499	1.9804
5.18804	2.11168
4.62496	2.12586
3.99279	1.85769
4.66457	1.4666
5.04394	1.58764
4.63923	1.39026
3.66725	1.16065
2.86735	1.18259
2.95622	1.01899
2.86098	0.952407
2.8992	1.02524
3.82491	0.849888
4.70472	1.24257
3.76594	1.0052
5.13917	1.68255
5.75854	2.00123
5.93406	2.04254
6.16679	1.77284
6.24048	1.78552
6.35571	1.6376
6.30689	1.6776
6.20466	1.74885
5.91229	1.89234
5.43672	1.9923
4.52227	1.80742
4.3493	1.84122
4.17314	1.81612
3.94039	1.92575
3.69279	1.83523
3.55858	2.03404
3.63232	1.90587
3.37074	1.6614
3.37169	1.51375
3.08792	1.46059
3.0103	1.18957
2.84918	1.13084
2.82769	1.15109
2.79822	1.17759
2.40111	0.415138
2.87515	0.487271
2.88141	0.59854
2.87265	0.542994
2.80385	0.39057
2.8432	0.62726
2.82654	0.492063
2.86816	0.696984
3.0189	0.797143
2.93981	0.706222
3.14964	0.524699
5.53404	0.481834
6.70248	0.830118
6.65015	1.03863
6.26306	1.09209
5.90295	1.17444
5.56914	1.04511
5.24423	0.630088
5.27148	0.274557
5.29238	0.240501
5.09969	-0.15096
5.25655	-0.243246
5.2684	-0.365241
5.30929	-0.290334
5.29634	-0.161624
5.46616	-0.121688
5.6114	-0.0192483
5.43005	0.0291555
5.4515	0.0750145
5.47668	0.128204
5.30348	0.385241
5.18835	1.34003
6.15358	2.01546
6.52923	1.87787
6.57126	1.92183
6.44283	1.91988
6.04477	1.97999
5.43107	1.96361
5.32908	0.801215
5.07616	0.0383675
5.09805	-0.231737
4.76369	-0.447657
4.77853	-0.606018
4.73536	-0.542891
4.55147	-0.0718487
5.25658	0.936016
5.95936	1.15812
6.19097	1.23962
6.15277	1.01127
5.44651	1.33389
5.67767	1.55912
5.78709	1.67761
5.56248	1.85381
5.44993	1.79719
5.34259	1.71748
5.16843	1.79633
5.10784	1.81803
6.0329	1.81452
6.5368	1.95193
6.62082	1.91003
6.50735	1.82946
6.19251	1.91088
5.73821	1.88591
4.926	1.84875
3.81244	1.8213
3.43397	1.36888
3.27939	1.22222
3.55087	1.3663
3.8524	1.57842
3.44306	1.76969
4.73025	2.20695
5.09101	2.39033
5.18874	2.26298
5.24309	2.05611
5.16118	1.95279
4.95388	1.99211
4.55156	2.13614
4.27493	1.86133
4.24028	1.63239
4.60683	0.737005
4.93738	0.377514
4.89769	0.145473
4.966	-0.0128775
4.68588	-0.0942842
4.83898	-0.0525505
5.23181	-0.157174
5.06021	0.388204
4.70727	0.494145
5.43761	0.89358
5.99722	0.953758
6.14871	1.0656
6.2303	1.05303
6.1792	1.05118
5.91781	1.24966
5.47941	1.51082
4.99909	1.6774
4.53527	1.81944
4.31665	2.00669
4.46014	1.90944
4.30423	2.16998
4.57581	2.00148
4.75114	1.87406
4.99891	1.8391
5.1557	1.8358
5.41239	1.81231
5.60457	1.68362
4.62913	1.51283
3.88462	0.974162
4.84672	0.381046
4.35273	0.704215
4.24877	1.89771
6.08302	1.76916
6.42091	1.7462
6.68168	1.57206
6.63604	1.71893
6.7219	1.58372
6.73058	1.44987
6.6704	1.29084
6.48496	1.16567
6.31038	0.872555
6.05399	0.502576
5.88746	0.227337
5.6638	0.0690332
5.30895	0.170741
4.9155	0.524055
4.58951	0.883423
4.51542	1.02572
4.4166	1.01204
4.40213	1.11124
4.32984	1.27176
4.38804	1.29104
4.35747	1.30841
4.32316	1.36585
4.3359	1.11962
4.39414	0.655865
4.58819	0.00960676
4.80968	-0.45584
4.76517	-0.765577
4.83566	-0.711147
4.89306	-0.923364
5.10252	-0.90006
5.01259	-1.00342
4.78548	-0.907953
4.65749	-0.722523
4.46513	-0.350211
3.9966	0.272939
3.82127	0.887756
4.4156	1.71002
5.61964	1.94371
5.77873	1.90287
6.13252	1.62908
5.88133	1.66236
6.24083	1.77788
5.43716	2.00169
6.06524	2.12723
5.05244	2.18101
5.45501	2.27831
5.01922	2.49245
4.74564	2.2503
4.43754	2.21235
3.98457	2.02945
3.63493	1.87235
3.42566	1.50836
3.19729	1.16916
3.14406	1.1953
3.01927	1.08649
3.05698	1.14691
3.01138	0.951313
2.8026	0.764702
2.76321	0.77714
2.95503	0.714019
2.91145	0.654951
2.88359	0.551323
2.76288	0.737828
2.79353	0.555754
3.04654	0.727647
2.84403	0.777846
2.849	0.643821
2.9635	0.514518
2.87855	0.727734
2.92964	0.644735
2.94712	0.581089
2.79751	0.763257
2.84047	1.06726
3.08289	1.24223
3.33841	1.70479
3.51394	1.59395
3.59162	1.53595
3.6476	1.71686
3.47196	1.65195
3.6692	1.3709
4.85934	0.996452
4.66992	1.00769
4.71212	0.874072
4.83669	1.0093
4.91813	0.924513
4.84489	0.745963
4.65627	0.734431
4.66173	0.563029
4.7846	0.384423
4.65619	0.129277
4.82017	-0.0736005
4.88074	-0.246778
4.88863	-0.531946
4.98879	-0.371914
4.8468	-0.527834
4.87865	-0.507793
4.84338	-0.481724
4.76904	-0.183409
4.45715	0.569756
5.58641	1.28501
6.08134	1.59895
6.26865	1.53719
6.32168	1.69296
6.43251	1.64196
6.47916	1.52312
6.36725	1.52955
6.24478	1.48817
5.89671	1.57013
5.25829	1.87266
5.03198	1.99812
4.93616	2.05164
4.92209	2.11255
4.93998	2.07143
4.90312	1.92884
4.72552	2.0334
4.78567	1.93666
4.54277	1.99963
4.59124	1.92572
4.79974	1.14837
5.2089	0.250248
4.15751	0.734642
5.20707	0.166094
4.64778	-0.0511678
5.02228	0.331539
5.4236	0.622885
4.59899	0.550627
4.62199	0.223212
4.8785	-0.0354966
5.77926	0.366329
6.14116	1.14124
7.04937	1.34282
7.08958	1.47188
7.08487	1.63133
7.05248	1.72447
6.87692	1.94429
6.62404	2.1168
6.24437	2.23272
5.75259	1.93535
5.1581	1.20318
5.26235	0.312332
5.46432	-0.102355
5.54659	-0.315078
5.38151	-0.133605
5.20861	-0.352756
5.0854	-0.320891
5.09913	-0.104601
5.48354	1.22544
6.72185	0.595005
6.87198	0.153365
6.75436	0.0469954
6.15409	0.161551
4.85208	0.572318
3.86435	1.15961
3.52555	1.22604
3.30218	0.956512
3.53791	0.563745
4.37216	0.574582
5.08859	0.728605
4.47716	0.798453
6.31357	1.45356
6.61342	1.7366
6.46197	1.96031
6.33361	2.04995
6.05343	1.9814
5.24267	2.25246
5.05698	2.04555
5.13213	1.87537
5.13078	1.91399
4.88156	2.05776
4.95798	1.91755
4.89038	1.92675
4.84885	1.90372
4.96949	1.89907
5.04447	1.95976
4.83976	2.07627
5.04008	1.79683
4.90835	1.95354
4.90501	1.78213
4.77677	1.90727
4.45354	1.96281
4.17079	1.73324
4.03976	1.70962
3.83955	1.64633
3.66766	1.59701
3.64036	1.64124
3.43966	1.61378
3.19022	1.51388
3.13652	1.55737
3.17797	1.1286
3.25251	1.30657
3.29601	0.935069
5.29095	-0.329111
4.70215	-0.282311
5.35697	0.0608271
5.07676	0.042878
4.56671	0.354524
4.68979	0.777259
6.25538	0.560591
6.27587	0.933239
6.01498	1.57705
6.12356	1.41691
6.16704	1.2585
5.91091	1.04259
4.69637	0.907594
3.47971	1.13396
3.31618	1.02098
3.08649	0.965923
3.13104	0.793407
3.15229	0.85764
3.09313	0.821118
3.01944	0.895318
2.94926	0.842146
4.56369	0.363557
4.57394	0.639841
4.85022	0.814132
5.47368	1.54732
6.15796	1.67463
6.36482	1.80488
6.43458	1.86102
6.1776	2.10468
5.65078	2.15948
5.20193	1.82112
4.73948	1.10978
4.80643	0.225294
4.49739	-0.176367
4.32422	-0.00342961
4.20542	-0.00627554
4.18742	0.0478911
4.11196	0.175877
3.94159	0.419179
4.00754	0.110088
3.99814	-0.0889147
4.00751	-0.270318
4.46288	-0.494873
4.85656	-0.502669
4.9464	-0.39911
4.53682	0.286343
4.90556	1.60876
4.40216	1.56252
4.45176	1.09782
4.36095	1.34602
4.98243	2.13309
5.10091	2.36773
4.84992	2.347
4.76808	2.19971
4.77522	1.96169
4.51721	2.05655
4.33962	2.0744
4.30218	2.16039
4.33127	2.16405
4.6858	2.10736
5.16235	2.03277
5.48529	2.11303
5.76848	2.05937
5.99761	1.90023
6.00574	1.96513
5.89423	2.00896
5.3108	2.02869
5.51332	2.11524
5.27689	2.15847
5.27603	2.088
5.18361	2.13541
5.18423	2.14614
5.09461	2.13197
5.0346	2.05555
4.79988	2.03607
4.0815	1.87912
3.24813	1.44291
2.98095	1.13723
3.01661	0.963521
3.1389	1.01702
3.05452	0.953978
3.12279	0.864664
2.92612	1.02397
3.30195	0.469481
4.33274	0.293979
3.37527	0.380649
3.44997	-0.0724944
3.97607	-0.382138
4.36687	-0.438519
4.42269	-0.234749
4.42261	-0.268955
4.53718	-0.2439
4.37877	-0.217302
4.38934	-0.538296
4.39161	-0.596137
4.37897	-0.277881
4.45919	-0.0615212
4.10361	-0.178507
3.93899	-0.136874
3.62993	-0.209728
3.39441	0.166354
3.12286	0.521462
2.96347	0.607873
3.04653	0.436089
2.91315	0.577616
2.90043	0.651992
2.84633	0.620417
2.93489	0.42546
2.79542	0.628061
2.85848	0.711046
2.80811	0.460247
2.82305	0.71002
2.8624	0.62724
3.00262	0.643096
3.09915	0.622234
3.17567	0.534146
3.041	0.657175
2.85467	0.659452
2.98226	0.618302
2.94166	0.565656
3.15067	0.644516
3.05871	0.684062
3.0332	0.453575
3.16192	0.707687
3.26713	0.94888
3.60388	1.52229
3.77377	1.65368
3.88573	1.63861
5.03813	0.742441
6.01709	0.836441
5.9762	1.55126
6.26888	1.56223
6.36869	1.55222
6.33954	1.49194
6.32293	1.47237
6.09016	1.39099
5.77545	1.46186
5.58342	1.29848
5.45274	1.06972
5.33682	0.600375
5.40409	0.543167
5.39618	0.128032
5.38744	0.174622
5.22319	0.0602981
5.25065	0.0639375
5.32628	0.048634
5.05065	0.390587
5.07957	1.24815
5.5149	1.66933
5.70366	1.8703
5.96827	1.85379
6.24874	1.84755
6.41557	1.86358
6.45577	1.96314
6.29161	2.14904
6.24487	1.97791
5.84686	2.23841
5.52252	2.06505
5.10696	2.07962
4.79907	1.9623
4.97528	1.80985
4.58638	1.99928
4.38482	1.98239
4.32912	1.91781
4.3606	1.4624
4.63757	0.52816
4.97323	-0.0516676
5.16323	-0.189798
5.3724	0.249146
5.40775	0.850843
5.36074	1.29586
5.65455	1.39471
5.78234	1.44116
5.76814	1.59879
5.73902	1.66136
5.72996	1.61085
5.51787	1.73514
5.3067	1.59335
5.02953	1.28836
4.98899	0.77707
5.11394	0.0831296
5.32439	-0.212878
5.32383	-0.433139
5.04828	-0.547001
4.96509	-0.970801
5.07429	-0.653951
4.9253	-0.38041
4.53289	-0.186053
4.54149	-0.126166
3.96594	0.11881
3.41076	0.510749
3.56894	0.553225
3.66104	0.487902
4.58871	1.12317
6.79342	1.01884
6.21621	1.6125
5.57866	1.23616
6.00841	0.961563
6.42803	1.17785
6.57171	1.43815
6.72797	1.31857
6.75329	1.16553
6.66159	1.10047
6.45274	1.05195
6.16749	1.09336
5.78163	1.18201
5.40618	1.24419
5.32835	0.967281
5.00072	1.01689
4.93594	0.824485
5.03467	0.761943
5.00213	0.592908
4.94786	0.974798
4.92663	1.19735
4.86632	1.03388
4.73943	1.39144
4.60685	1.57182
4.71725	2.03044
5.20911	2.01563
5.68465	1.98597
5.7769	2.1718
5.83357	2.2062
5.83656	2.32308
5.73257	2.47096
5.71076	2.21814
5.06094	2.62048
4.56507	2.43931
4.30852	2.19217
4.07762	2.1421
3.99565	2.0268
3.85385	1.95078
3.81795	1.91316
3.93554	1.91094
4.12421	2.11087
4.82034	2.22207
5.64074	2.19551
5.96228	2.16456
6.10375	2.08498
6.04315	2.16469
6.15532	1.93109
6.06994	1.74928
5.4853	1.99981
4.41802	1.9757
4.29937	1.95374
4.14288	2.07251
4.41305	1.72972
4.478	1.62432
4.47897	1.80634
4.89878	1.78759
5.30307	1.68645
5.49448	1.76063
5.71124	1.83115
5.73064	1.84391
5.58944	1.57705
5.1056	1.97043
5.01804	1.82197
4.83102	2.08514
4.56381	2.18617
4.35961	2.06693
4.20775	1.90714
3.99388	1.69938
3.92491	1.58111
3.63135	1.47515
3.55767	1.24756
3.88468	0.461942
3.49455	0.688561
3.24571	0.873642
3.30695	0.874347
3.15957	0.804723
3.18175	0.783445
3.02509	0.748651
3.11143	0.439293
3.06172	0.505702
3.03759	0.49493
2.96252	0.661109
3.15311	0.809563
3.03056	0.805172
2.98831	0.626741
2.47021	0.587866
2.87339	0.66951
2.75218	0.518376
2.85309	0.859489
2.81869	0.64812
2.74428	0.582698
2.76211	0.508877
2.77067	0.519605
2.83677	0.576112
2.82534	0.599842
2.69219	0.468071
2.73451	0.510063
2.71035	0.861331
4.89401	-0.10135
5.74658	-0.0732479
4.79831	0.212069
4.26087	0.818242
4.33893	1.86075
4.69502	1.87593
5.0842	1.74444
5.09383	2.00479
5.24552	1.9364
5.40704	1.93447
5.4401	1.84429
5.37769	1.94427
5.48452	1.79998
5.47124	1.66037
5.01212	1.69596
4.96543	1.6149
4.87756	1.65779
4.85709	1.69665
4.87019	1.6654
4.80258	1.72492
4.67202	1.70953
4.50092	1.74311
5.20204	1.34853
6.15151	1.50511
6.58638	1.32198
6.59977	1.08354
5.55272	0.947007
6.0513	1.25953
6.78808	1.43172
7.1719	1.32017
7.27802	1.30515
7.15687	1.47682
7.13603	1.50586
7.07762	1.594
7.14	1.48312
7.07247	1.49458
6.98915	1.448
6.53842	1.59657
5.37408	1.74057
3.95892	1.89478
3.76267	1.70843
3.52984	1.62418
3.45169	1.36637
3.24125	1.09622
3.2965	1.14063
3.18311	0.956289
3.09852	0.905996
3.44053	0.715613
4.27488	0.71661
4.40934	1.0364
5.71882	1.69793
6.01923	1.96233
5.6595	1.784
5.26254	1.4181
5.90974	1.79919
6.19552	1.67465
6.46856	1.70231
6.25159	1.85234
6.44363	1.82094
6.50168	1.74774
6.42699	1.64254
6.17522	2.34872
5.55491	2.19872
5.90101	2.16896
5.80659	2.13321
5.51225	2.00007
5.45353	1.84459
4.21204	2.0252
3.44644	1.5531
3.28959	1.28169
3.10848	1.26465
3.29281	1.22337
3.07367	0.860385
3.34407	0.841994
4.68564	0.43413
4.55598	0.434462
4.92989	0.404128
3.93957	-0.0192174
4.15516	0.159997
4.07134	0.509538
5.34577	0.417454
5.69069	0.436954
5.40031	0.848283
5.4753	0.900063
5.46976	1.06888
5.51745	1.1167
5.60405	0.911292
5.54316	0.840775
5.3662	0.912468
5.23196	0.975543
5.28221	1.23734
5.59954	1.56204
5.70409	1.84669
5.76404	1.85093
5.61278	1.94872
5.65587	1.77268
5.24422	1.88821
4.53646	1.78621
4.28039	1.6626
4.23537	0.970537
4.33542	0.38417
4.30927	0.0153754
4.13203	-0.203189
4.14841	-0.244339
4.26718	-0.431231
4.11879	-0.481183
4.13719	-0.346956
4.33034	-0.240758
4.17576	0.0881755
3.7753	0.743969
3.86228	1.28036
5.51941	1.64549
6.14798	1.51414
6.31001	1.39218
6.1879	1.51715
6.13298	1.61445
5.81429	1.73989
5.66323	1.59178
5.44258	0.90664
5.05684	0.603942
4.95715	0.956438
4.66188	1.64821
4.09243	1.79619
3.45325	1.41739
3.13459	1.09358
2.9386	1.05754
2.85569	0.808959
2.82458	1.00283
2.73827	0.727033
2.91881	0.722902
4.49301	0.703566
4.36844	0.779818
5.1329	0.722954
4.73613	1.02149
3.92495	1.41666
5.24154	1.63305
5.84316	1.72568
5.96246	1.90331
6.04452	2.01823
6.07723	1.93481
5.99177	2.03684
5.93827	1.96669
5.84827	2.06493
5.81781	2.08942
5.72268	2.161
5.5025	1.90101
4.65021	1.39412
4.01796	0.875061
4.2832	0.404065
4.52689	0.685035
4.96935	1.13088
5.10387	1.03245
5.34092	0.705042
5.4179	0.537481
4.70552	0.78689
4.88158	0.57819
4.50017	0.503168
4.33822	0.604378
4.17396	0.903141
4.13124	0.788162
3.89972	0.94167
3.23206	1.16051
2.98366	0.795481
2.83131	0.669056
2.83377	0.702389
2.78737	0.636626
2.83353	0.680832
2.90514	0.598552
2.8136	0.428861
2.82681	0.512399
2.63852	0.619647
2.82536	0.644451
2.71767	0.51716
2.74009	0.702625
4.19971	0.726078
4.19798	0.75429
4.72882	0.796014
4.03142	0.752045
3.38701	0.332096
3.30173	0.779363
3.13946	0.948197
2.9479	0.668118
2.92128	0.406101
2.94939	0.647283
2.97006	0.694286
2.74215	0.688212
2.69728	0.575746
2.83146	0.587322
2.69776	0.441001
2.74609	0.480306
2.7235	0.619009
2.69068	0.538758
2.67219	0.755738
2.89108	0.41996
2.80016	0.614399
2.7745	0.543876
2.79772	0.493359
2.73408	0.630561
2.78547	0.55142
2.74067	0.590635
2.92344	0.810576
3.25573	1.19667
3.43993	1.46467
3.74995	1.47445
3.95199	1.08087
4.59301	1.55598
6.45054	1.67883
7.16893	1.49092
7.24718	1.21508
6.93581	1.15685
5.96203	1.41904
4.67743	1.49757
3.84126	1.44176
3.52022	1.352
3.47346	1.16888
3.30929	1.17604
3.18996	1.07581
5.08533	0.387433
5.43835	0.545167
4.49898	1.17381
5.96951	1.09991
6.39308	0.928607
6.40072	1.00364
6.31236	1.08327
5.99717	1.21873
5.07317	1.43932
3.99538	1.51492
3.50041	1.45427
3.35488	1.30307
3.61354	0.923337
4.36541	0.39142
4.83765	0.606742
4.88151	0.886349
4.84831	1.35446
5.91791	1.52286
6.12893	1.36435
6.09137	1.39493
6.02294	1.37088
5.86334	1.34123
5.56537	1.37697
5.25251	1.3864
4.92224	1.11298
4.95509	0.65064
4.71879	0.260355
4.43065	0.104888
3.85231	0.453119
4.36365	1.06766
4.90701	-0.0206955
4.47728	0.289744
4.57944	0.812638
4.12558	1.52612
4.36294	1.55511
4.44683	1.59064
4.55963	1.52731
5.05927	1.04672
4.77263	1.45925
4.6971	1.59728
4.49966	1.80318
4.41981	1.9083
4.44071	1.8456
4.47683	1.76126
4.37805	1.84272
4.14754	1.96679
4.01719	2.03824
3.89364	1.92205
4.14095	1.26105
4.10551	1.11617
3.79318	0.585001
3.78451	0.188685
4.16653	-0.245882
4.02777	-0.364777
4.36817	-0.642785
4.38861	-0.869235
4.55482	-0.368133
4.52499	-0.225299
4.21542	-0.189881
4.07892	0.23609
4.85003	0.845967
5.54089	0.730976
5.49565	0.825014
5.64073	0.758819
5.8062	0.6997
5.86462	0.678856
5.89229	0.560297
5.86547	0.699296
5.74249	0.840265
5.77099	0.882824
5.91579	0.870077
6.04764	0.913549
6.16521	1.09509
6.41385	1.00458
6.56915	0.915557
6.59986	0.935243
6.57861	0.990181
6.5409	1.05978
6.49712	1.12068
6.35489	1.21809
5.90623	1.3857
5.12911	1.52235
4.78408	1.88054
4.85917	1.80362
4.92084	1.61542
4.84452	1.78719
4.91383	1.72372
4.85679	1.7742
4.9009	1.81438
4.85383	1.95889
4.90837	1.82909
4.8504	1.96639
4.91414	2.00445
5.88907	1.49007
6.08345	1.50225
5.84696	1.68564
5.72341	1.62379
5.43489	1.73913
5.03659	1.80248
4.7068	1.65436
4.44378	1.32687
4.44509	1.00733
4.38177	0.475169
4.331	0.316451
4.33799	-0.0432616
4.33114	0.315979
4.49945	0.598725
4.72633	1.1979
5.23277	1.38849
5.57051	1.33716
5.82026	1.22483
5.84454	1.34174
5.90087	1.35669
5.48787	1.40701
4.55591	0.69375
5.00101	0.17784
5.54761	1.06816
5.94032	1.43846
6.12031	1.52317
6.10047	1.49926
5.97906	1.63229
5.9219	1.60512
5.76547	1.81532
5.82699	1.73844
5.79032	1.72976
5.72495	1.83435
5.62564	1.86458
5.53704	1.80646
5.41201	1.77672
5.4116	1.88238
5.69574	1.77268
5.89888	1.75886
6.18259	1.66674
6.45152	1.53339
6.48545	1.55363
6.43563	1.67957
6.34286	1.77583
6.19699	1.76689
5.88587	2.02183
5.66943	2.04438
5.35788	1.99036
4.95376	1.87895
4.88693	1.01121
5.11998	0.347258
4.77016	-0.037325
4.36113	-0.328229
4.78603	-0.518839
4.54652	-0.539757
4.58138	-0.320864
4.33295	-0.199189
4.01442	0.0911684
3.5729	0.778727
3.90982	1.50341
4.3919	2.05097
4.86438	1.93719
4.72075	1.97121
4.73652	1.80135
4.59249	1.82723
4.55518	1.63039
4.36622	1.64518
4.11792	1.60865
3.85103	1.47935
3.38196	1.51679
3.17183	1.30013
3.05208	1.20491
2.99671	1.24999
2.9903	0.833155
2.89305	0.858066
3.91199	0.846539
5.35517	0.536992
4.84933	0.565169
5.0669	0.625061
5.69744	0.849987
5.5972	0.916761
5.26034	1.32242
4.46835	1.70237
4.43258	1.79498
4.35214	1.90555
4.2591	1.98426
4.19965	1.86854
4.08524	1.9073
3.82951	1.90212
3.65869	1.72753
4.30537	0.946594
4.75674	-0.143535
4.20607	-0.213691
4.1264	-0.172429
4.02112	-0.281961
3.72889	-0.154004
3.58742	-0.208891
3.54538	-0.107678
3.38047	0.150511
3.20923	0.386095
3.04536	0.558358
3.2689	0.523993
4.49534	0.571411
4.95853	0.689633
5.39148	1.59039
5.46676	0.727685
4.24926	-0.417744
4.75116	-0.727986
4.65219	0.180655
5.61693	1.21858
5.84347	1.26761
5.70829	1.34124
5.26701	1.3214
4.7858	1.2528
4.58415	0.533645
4.64085	-0.0983653
4.51782	-0.0714188
4.57483	-0.43265
4.44628	-0.53878
4.37384	-0.340594
4.32988	-0.339055
4.17315	0.0767626
4.03133	0.623261
3.88159	1.12108
3.8258	1.08754
3.925	1.06173
3.81979	1.52209
5.33815	1.75902
5.79857	1.78852
5.01829	1.96379
5.62242	1.90681
4.9038	2.1807
5.1739	2.09261
3.86157	1.49414
3.65898	1.18242
4.31179	2.1282
4.82377	2.28226
3.87305	1.70463
3.64838	1.79525
4.07055	1.78576
3.98449	1.7648
3.86119	1.7217
3.82368	1.63483
3.59497	1.71609
3.48742	1.69888
3.58413	1.52577
3.34482	1.5462
3.21328	1.41495
3.22795	1.51104
3.14358	1.33442
2.78664	0.940064
2.89678	0.782213
4.47931	0.0497338
3.98071	-0.205826
3.92197	-0.876166
4.15818	-0.794685
4.30156	-0.782608
4.17955	-0.685517
4.22711	-0.689998
4.09418	-0.708177
3.95681	-0.504236
3.94463	-0.664783
3.65015	-0.547514
3.44002	-0.252322
3.25558	0.0858737
3.04152	0.633425
2.80829	0.634361
2.70546	0.647657
2.86279	0.651273
2.85955	0.604802
2.80811	0.677047
2.7484	0.610879
2.77047	0.482621
2.72941	0.498141
2.71435	0.468663
2.86977	0.328007
2.63462	0.494029
2.62412	0.543659
2.88271	0.544144
2.93141	0.744373
2.90589	0.60646
2.82823	0.667145
2.94977	0.75277
2.85113	0.673162
2.75239	0.665197
2.73595	0.494984
2.90693	0.564341
2.90995	0.523761
3.12903	0.827904
3.27534	1.09812
3.50693	1.10692
4.40077	0.263791
4.91344	-0.0450885
5.13538	-0.0919023
5.22161	-0.0196106
5.50455	0.0508276
5.90294	-0.0496193
6.06785	0.249679
6.74595	0.256495
7.00212	0.540099
7.0209	1.0752
6.97015	1.37472
6.85309	1.64435
6.61763	1.78011
6.14151	2.03917
5.61108	1.97162
5.16881	1.78389
5.17535	1.82709
5.26902	1.69614
5.23608	1.77543
5.4216	1.52451
5.7842	1.39325
5.67503	2.36837
6.03735	1.96991
6.08769	1.85899
6.08206	1.76586
6.03705	1.72249
5.89313	1.70213
5.43804	1.76845
4.32202	1.77676
3.65936	1.66591
3.56076	1.68579
3.40688	1.73415
3.42776	1.3704
3.23215	1.08019
5.0547	-0.289325
5.3868	0.0678811
5.44312	0.541884
4.54912	0.603951
5.14777	1.61642
6.04567	1.25885
6.24631	1.00798
6.20947	0.990906
5.89319	1.01243
5.20218	1.06786
4.02853	1.32657
3.39295	1.45867
3.74802	1.29009
3.86037	1.23354
4.06187	0.336043
4.1888	0.237805
4.86839	0.44016
4.93729	1.11632
5.3171	1.18667
6.38572	1.63747
6.21184	1.88711
6.77669	1.48133
6.7054	1.45011
6.71077	1.42721
6.51921	1.44477
6.45246	1.53301
6.62643	1.43783
6.41602	1.67669
6.14876	1.89717
5.8093	1.91706
5.09708	2.1624
4.81726	2.01793
4.79945	2.08149
4.92227	1.98418
4.96471	1.91031
5.0046	1.80742
5.02546	1.86031
4.9837	1.96666
5.14341	1.73835
5.13245	1.82028
5.1729	1.73208
5.17462	1.64346
5.18962	1.57939
5.1076	1.57009
5.11082	1.65275
5.61864	1.67002
5.77709	1.62132
5.80634	1.58517
5.93357	1.47451
6.0185	1.44707
6.03486	1.47332
6.01614	1.49107
5.92021	1.52081
5.76566	1.51185
5.28732	1.60592
4.6413	1.63794
4.01942	1.80377
3.82963	1.67116
3.58316	1.62993
3.42469	1.69996
3.2964	1.43011
3.41991	1.28189
3.42905	1.39138
3.81283	1.69436
4.45305	1.75168
5.13505	1.84701
5.51806	2.00942
5.94494	1.70524
6.04438	1.49937
6.04932	1.45831
6.26744	1.43063
6.5983	1.26003
6.74221	1.25758
6.56169	1.50503
6.36924	1.62659
6.37361	1.61881
5.92589	2.07408
5.56424	2.00906
6.04699	1.79359
5.84468	1.90569
5.94962	1.79581
6.46648	1.59559
6.02462	1.75327
6.65155	1.56961
5.9078	1.70222
6.53	1.4799
6.00539	1.51789
6.27433	1.34962
5.80308	1.76339
6.01319	1.58941
6.07733	1.7138
6.25444	1.69252
6.31043	1.77601
6.34256	1.71562
6.1862	1.89012
5.82829	2.26264
5.48601	2.53096
5.20296	2.4158
4.76435	2.24056
4.6266	1.88123
4.37125	1.99528
4.18692	2.14714
4.0964	1.9003
3.9136	1.80031
3.69368	1.76228
3.7015	1.63302
3.66994	1.4426
3.6478	0.707079
3.95052	-0.179952
4.03221	-0.395244
4.54963	-0.505578
4.37853	-0.472266
4.43127	-0.458042
4.57561	-0.449106
4.41817	-0.389155
4.43416	-0.394941
4.05745	-0.298783
3.90972	0.131679
3.85797	0.618007
4.94879	1.07959
5.65319	1.1473
5.95285	0.865804
5.97922	0.988945
6.13239	1.10747
6.17264	1.32875
5.95716	1.42777
5.84008	1.72613
5.11934	1.71798
4.68227	1.47435
4.62514	0.821523
4.60208	0.350962
4.76244	-0.0618184
4.65451	-0.312881
4.7828	-0.580467
4.68342	-0.437566
4.74886	-0.220585
4.27593	0.33826
3.20191	0.962615
2.90935	0.675499
3.15623	0.659057
3.12583	0.608689
3.26759	0.579661
4.80575	0.650103
4.91759	0.169305
5.04207	0.859775
5.6564	1.6655
5.14827	1.94906
5.25033	2.08428
5.73907	1.94462
6.00716	2.01261
5.92295	2.21983
5.83625	2.22699
5.7841	2.09314
5.59173	1.99503
5.2968	1.83786
5.1557	1.85385
4.71078	1.88233
4.33111	1.72956
4.19779	1.21186
4.25119	0.513403
4.42667	0.220093
4.32895	0.0653951
4.34949	-0.11092
4.34121	-0.303122
4.43955	-0.31189
4.3689	-0.113869
4.16168	0.0563571
3.97775	0.206805
3.87228	0.471313
3.99956	1.0391
5.0365	0.981468
4.96716	0.89286
4.56989	1.12831
4.12419	1.19152
3.69911	1.15538
3.24849	1.22012
3.00941	0.979528
2.82457	0.826389
2.88459	0.768229
2.94267	0.649988
2.93299	0.666972
2.8142	0.588845
2.991	0.767189
4.37892	1.42142
4.30175	1.48587
3.42895	0.948119
3.80178	1.51561
3.42943	1.21216
3.36061	1.36542
3.77931	1.78956
4.14478	2.28367
4.22656	2.38037
4.12831	2.26448
4.03142	2.02652
4.01389	1.98369
3.95392	2.01437
3.90495	1.86826
3.70568	1.88402
3.57228	1.71771
3.39962	1.57853
3.27869	1.22071
3.09245	1.09394
2.87742	0.839464
5.03154	0.648689
5.13185	0.483305
4.43069	0.230592
4.15949	0.493409
3.89602	0.674182
3.68543	0.787616
3.69362	0.986777
4.08118	1.36279
4.78313	1.99661
4.85086	2.01498
5.38775	1.92916
5.94907	1.97691
6.16611	1.7222
5.97022	1.77481
5.30223	2.1863
4.97204	2.07236
4.74449	2.04209
4.46361	2.0676
4.29761	1.93273
4.03859	2.07417
3.84815	1.98749
3.67808	1.91908
3.66478	1.89326
3.55394	1.68782
3.37324	1.64944
3.23664	1.32737
3.18637	1.21705
3.21389	1.16651
3.1843	1.19222
3.22813	1.27127
3.20179	1.34225
3.30784	1.07332
3.24367	1.16065
3.05294	0.808114
2.96889	0.862351
2.90705	0.811197
2.92659	0.685627
2.88165	0.502237
2.81774	0.717483
2.90718	0.604246
2.92549	0.596657
2.81059	0.638406
2.81154	0.674053
2.85274	0.526601
2.2436	0.571307
2.58451	0.6001
2.70519	0.432433
2.70224	0.58624
2.71019	0.765293
2.88149	0.593094
4.13527	1.45183
5.47831	1.42889
3.55461	1.34343
4.14003	1.71718
5.06587	1.53456
6.02617	1.41543
6.19434	1.3713
6.75855	1.53228
6.64183	2.1147
6.66653	1.99409
6.80069	1.7503
6.61779	1.90009
6.48682	1.91158
6.36311	1.93482
6.26828	2.02293
6.30617	2.03747
6.3641	2.06607
6.57166	1.92221
6.8306	1.73571
7.05261	1.42972
7.14882	1.3416
7.10179	1.41015
7.02279	1.48454
6.86356	1.63054
6.61098	1.81416
6.10222	2.05116
5.15341	2.21863
4.63334	1.78947
4.57232	1.78707
4.29665	1.86554
4.03119	1.84599
3.81642	1.92009
4.81842	0.26104
4.42031	0.224169
4.58561	-0.248704
4.70947	-0.433611
4.84939	-0.310847
5.02158	-0.264325
4.95199	-0.0345075
4.90866	0.640344
5.07539	1.13773
5.26139	1.25952
5.26189	1.09147
5.19955	1.07104
5.21369	0.91246
5.10411	0.983479
5.04358	0.911255
4.99331	0.789837
5.01132	0.607221
4.91873	0.441665
4.76437	0.68009
4.8197	0.648532
4.6171	0.730591
4.21686	1.0493
4.02176	1.14602
3.91273	0.936618
4.13237	0.872944
4.24044	1.21738
4.6649	1.38148
5.11822	1.75648
5.70781	1.64258
6.04162	1.64719
6.20351	1.66
6.32265	1.48279
6.38451	1.31253
6.33175	1.32374
6.36457	1.11646
6.32185	0.947405
6.16258	0.958961
5.9898	1.06131
6.01924	0.804641
6.10307	0.568842
6.19189	0.403511
6.28091	0.420849
6.41466	0.434999
6.47518	0.547321
6.50907	0.705693
6.42654	1.13445
6.5078	1.16524
6.194	1.58096
6.14243	1.7817
6.09615	1.82944
5.74758	2.03038
5.57552	2.17413
5.63624	2.02173
5.35282	1.94727
5.1738	2.0535
4.98311	2.32341
4.78346	2.0667
4.62611	1.95967
4.38691	1.89723
4.26149	1.83131
4.18379	1.94677
4.12315	1.70939
4.04417	1.60995
4.09417	1.63118
4.25975	0.890713
4.49259	0.518936
4.7869	-0.00147327
5.07476	-0.444552
5.02541	-0.692906
4.97205	-0.381496
4.80349	-0.5631
4.53692	-0.206163
4.33988	-0.116871
4.10858	0.352628
3.74348	1.12294
5.54468	1.75282
6.15566	1.74836
6.17785	1.90563
6.25517	1.89085
6.084	1.95033
5.84007	2.0132
5.49301	2.11201
5.10828	2.09595
4.66092	2.14737
4.43602	2.02161
4.12691	1.99575
3.8514	2.01623
3.67735	1.8318
3.51981	1.42153
3.15629	1.50924
3.21589	1.20441
3.08075	1.04217
2.81229	0.920329
3.22148	1.05008
3.66528	1.31064
3.28189	1.181
3.3491	1.14561
3.27509	1.40868
3.22784	1.34289
3.84466	1.80503
4.93329	1.9062
5.21146	1.65037
5.24372	1.91797
5.31904	2.00307
5.45279	1.83183
5.56296	1.68214
5.40345	2.01683
5.50088	1.78313
5.58787	1.49472
5.7522	1.25003
6.00874	1.41889
5.93858	1.84251
6.0987	1.70515
6.08981	1.66183
6.19009	1.47248
6.19142	1.39044
5.42046	1.50358
5.0069	1.62976
5.25414	1.59557
4.96592	1.35499
4.67663	1.35124
4.22628	1.5679
4.01173	1.45859
3.83306	1.2084
3.61345	1.34748
3.47569	1.04166
3.38994	1.07108
3.13657	1.07558
2.9907	1.16612
2.8669	0.94403
2.92677	0.828362
2.8171	0.966268
2.73777	0.732637
2.71061	0.731442
2.79451	0.629614
2.7609	0.531254
2.72694	0.781426
2.2372	0.473576
2.70335	0.533162
2.6206	0.439072
2.67676	0.378612
2.67806	0.615907
2.93502	0.456639
2.61091	0.466535
2.61563	0.522964
2.59802	0.655612
2.62194	0.703338
2.65274	0.746162
2.59716	0.712522
2.71062	0.993222
3.42801	1.63234
4.21924	1.60855
4.21877	1.59513
4.8335	1.44344
4.94477	1.6646
5.08626	1.45421
5.54024	2.02574
6.04923	2.09414
6.34913	1.91414
6.3652	1.90105
6.35101	1.82561
6.09048	1.90981
5.8385	1.80944
5.36848	1.66512
5.09188	1.40286
4.82036	1.43442
4.95085	1.25622
5.29956	1.1795
5.79334	1.12018
5.87328	1.1049
5.83058	1.10123
5.70169	1.20776
5.55267	1.42669
5.1144	1.49952
4.88748	1.23311
4.63453	1.03561
4.55939	0.615153
4.68057	0.477123
4.76532	0.467756
5.09635	0.455395
5.30579	0.772352
5.42496	1.21337
5.21649	1.67675
5.04848	1.83357
4.98692	1.99572
4.95096	1.921
5.04799	1.78225
5.12152	1.64722
5.13431	1.49247
5.0785	1.15293
5.08492	0.717406
5.17806	0.183307
5.23414	-0.196983
5.06653	-0.256063
5.06305	-0.663613
4.92859	-0.782638
5.14443	-1.01427
4.8426	-0.907845
4.84101	-0.941271
4.82439	-0.706964
4.67047	-0.821901
4.66358	-0.792408
4.5223	-0.471491
4.03841	0.343247
5.25304	1.33586
6.14786	1.16681
6.31222	1.16146
6.35585	1.20454
6.45384	1.20135
6.47013	1.29039
6.49385	1.40125
6.52415	1.47023
6.54813	1.51947
6.41256	1.66037
6.32859	1.73567
6.20865	1.78695
6.03113	1.865
5.85343	1.98655
5.85399	1.92119
5.81056	2.08699
5.86476	2.01794
5.91529	1.97634
5.91021	2.06043
5.95827	2.00592
6.0423	1.9377
6.16759	1.8897
6.15864	1.95834
6.1193	1.96117
6.05934	1.99531
5.83494	2.01708
5.48545	1.76669
5.29863	1.40029
5.10955	1.7119
4.53742	1.99221
4.32225	1.91201
4.26634	1.26723
4.81313	0.962182
4.70901	0.17684
4.657	-0.148203
4.59024	-0.502713
4.88037	-0.712404
5.0439	-0.742433
4.98376	-0.715082
4.9698	-0.520223
4.92396	-0.192499
4.64788	-0.32638
4.62431	-0.11798
4.40767	0.396012
3.98437	0.725258
3.8912	1.38406
5.167	1.65706
5.19984	1.8724
5.05024	2.07416
5.07188	2.09656
4.87787	2.17263
4.66349	1.75699
4.66044	1.88316
4.68136	1.79773
4.59346	1.81327
4.60551	1.72575
4.6237	1.70939
4.5927	1.6732
4.51848	1.60722
4.43293	1.81227
4.31248	1.91501
4.33338	1.74653
4.35275	1.44947
4.0911	1.64179
4.01816	1.69554
4.76365	1.13602
6.02452	1.00875
6.70202	1.04765
6.95234	1.00164
7.12198	0.813474
6.84286	1.12644
6.54836	1.34756
6.36094	1.43319
6.04356	1.62639
5.42013	1.50814
3.95065	1.53472
3.46447	1.26959
3.51139	1.34045
3.29845	1.21312
3.30621	1.22847
4.22875	-0.0154305
4.41142	-0.000314984
5.00008	-0.62932
4.95441	-0.573342
4.73742	-0.458668
4.43438	-0.275607
4.36828	0.0939511
4.21586	0.388801
4.42268	1.4383
5.48647	1.8264
5.75028	1.77401
6.12558	1.61641
6.24854	1.77584
6.2571	1.92357
6.35782	1.6713
6.03601	1.59397
4.44123	1.70739
3.28959	1.56949
3.2393	1.39175
3.0704	1.3087
4.05055	0.587739
4.96445	0.442194
4.6631	0.925538
3.57848	1.15163
4.90741	1.37851
5.99638	1.47921
5.69523	2.05011
5.61262	2.03852
5.34915	1.96983
4.84749	1.98592
4.42755	1.88578
4.52886	1.89943
4.54181	1.99656
4.57491	1.94484
4.53326	2.04134
4.64295	1.9325
4.72212	1.69683
4.81842	1.30416
5.06103	0.904215
5.28523	0.666712
5.46677	0.455716
5.55957	0.416242
5.4731	0.685707
5.43358	0.984164
5.32067	1.29284
5.20263	1.54975
5.164	1.68753
5.17091	1.78861
5.25483	1.74478
5.22282	1.81143
4.95014	1.82715
4.93332	1.63041
5.00139	1.49089
4.97672	1.5985
4.95163	1.66849
5.04023	1.57497
5.17259	1.85822
5.55426	2.02695
5.96503	2.01927
6.1881	1.9134
6.27671	1.83366
6.2013	1.9437
6.12001	2.01198
5.93895	2.1514
5.52132	2.27422
5.02688	2.04496
4.71841	2.08164
4.50182	2.11407
4.26233	2.04573
3.89261	1.98325
3.69207	1.82284
3.4481	1.58732
3.1014	1.57146
3.00187	1.24937
2.88176	1.00315
2.96723	0.995297
3.36981	0.66938
3.97461	0.701565
4.27158	0.41572
4.08548	0.348304
5.33478	0.380054
5.69411	0.725813
5.81989	1.17028
5.98612	1.01026
5.96921	0.932984
5.87448	0.952704
5.7694	1.01969
5.58147	1.12978
5.21758	1.28281
4.89385	1.07856
4.9778	0.983717
4.95093	0.657021
5.0553	0.595513
5.07092	-0.084238
4.84201	-0.0432405
4.90351	-0.0314668
4.85767	-0.19061
4.57954	0.0671348
4.53499	0.394778
4.29916	0.672825
4.36924	1.42568
5.44773	1.97215
5.63739	1.95558
5.70364	2.05367
5.88698	1.9946
5.87031	2.2047
5.87287	2.1136
5.6692	2.13145
5.41379	1.88134
4.93917	1.83086
4.41983	1.61696
4.37786	0.558671
4.48719	0.000742914
4.56325	-0.616878
4.68741	-0.86575
4.79341	-1.09014
4.7389	-1.14784
4.90901	-1.21408
4.87746	-1.09343
4.76084	-0.791372
4.4513	-0.383254
4.1273	0.234349
3.68003	0.722484
5.17412	1.3182
5.96402	1.67724
5.92639	1.87312
5.91532	2.22336
5.96841	2.18655
5.85982	2.17337
5.80647	1.85759
5.67635	1.66175
5.45438	1.54883
4.9244	1.60661
3.98717	1.50267
3.27653	1.60657
3.19293	1.27424
3.2268	1.19356
3.16435	1.10287
3.34529	1.04774
3.10675	1.08933
3.17851	1.33877
4.16363	1.89864
4.22644	2.01992
4.41332	2.06064
4.4871	2.17027
4.46715	2.13124
4.46926	2.10988
4.29714	2.13245
4.24237	2.02227
4.15431	1.99018
4.04678	2.11819
3.97772	2.00298
3.87828	2.02007
3.81369	1.89623
3.73304	1.97908
3.8463	1.72687
4.63754	1.53889
5.27341	1.29603
5.4642	1.28904
5.52467	1.36824
5.45053	1.18585
5.42719	0.797788
5.74362	1.09058
5.8396	1.47204
5.92077	1.53006
6.04311	1.43086
6.09074	1.37771
6.12886	1.36186
6.06279	1.35878
5.77032	1.37793
4.77577	1.67971
4.7692	1.61896
4.8613	1.68073
4.96737	1.40335
4.97313	1.4488
4.80067	1.71093
4.48999	1.75491
4.35285	1.71219
4.15219	1.45987
3.76734	1.62932
3.54042	1.52377
3.85434	0.891244
3.90753	0.246163
3.98754	-0.0825397
3.76577	-0.309243
3.94913	-0.40512
3.9634	-0.559144
4.00236	-0.548591
3.93885	-0.583148
3.97131	-0.421743
3.98751	-0.607807
3.9721	-0.60839
3.89731	-0.597922
3.22656	0.930724
2.81111	0.560241
2.74919	0.678106
2.84423	0.537747
2.97719	0.69132
2.98637	0.583007
2.98287	0.664476
3.0092	0.770679
3.1743	0.827417
3.35558	0.988193
3.3352	1.07409
3.21653	1.44942
4.22619	1.98754
5.14503	2.21748
5.44127	2.21543
5.59288	2.11925
5.42181	2.23827
5.12296	1.90828
4.72724	1.8493
4.70978	1.97761
4.72668	1.92407
4.76741	1.93544
4.92821	1.91549
5.67016	2.11471
5.68557	2.62313
5.86617	2.59909
6.23417	2.15892
6.25975	2.21206
6.12482	2.47979
6.11443	2.37658
6.06012	2.23652
5.69679	2.43114
5.38763	2.54003
5.27647	2.50235
5.27573	2.22653
5.09148	2.25209
4.85953	2.17405
4.45564	2.11242
4.08323	1.58329
4.54948	0.696961
4.61945	0.224353
4.50408	0.552991
4.42865	0.496868
4.41119	0.313865
4.33323	0.479987
4.39443	1.74216
5.58636	2.06131
5.80124	2.08471
5.88546	1.96198
6.01031	1.85077
5.9746	2.04448
6.08589	2.06103
6.09375	2.06352
6.23439	1.98858
6.51545	1.67183
6.70308	1.51103
6.93146	1.22181
7.02214	1.01666
6.95999	0.852078
6.52858	0.93712
5.64824	1.36222
4.68276	2.05983
4.7571	1.87616
4.7766	1.86556
4.56838	2.0227
4.50393	1.70636
4.33626	1.73971
4.0081	1.72472
3.78311	1.50474
4.23975	0.455744
4.17933	0.0632786
4.5457	-0.160921
4.93224	-0.419302
5.0292	-0.66036
5.06704	-0.835595
5.14925	-0.850422
5.22559	-0.521278
4.79461	-0.148917
4.45016	-0.202827
3.61118	-0.0350407
3.27797	0.527225
3.34322	0.507476
3.77199	0.478804
4.19528	0.498455
5.37279	1.18023
6.08808	0.930023
6.23092	0.956316
6.36978	1.01006
6.26115	1.2268
6.04432	1.03634
5.44096	-0.126229
5.52464	0.891185
6.47856	1.3109
7.10715	1.16679
7.38209	1.21821
7.41071	1.12541
7.37165	1.25673
7.27326	1.33725
7.20681	1.34102
6.9884	1.49929
6.59188	1.8872
6.36525	1.95617
6.26849	1.66688
6.03965	1.68954
5.74543	1.63546
4.69898	1.7041
3.77049	1.50491
3.66937	1.31209
3.50838	1.25984
3.41298	1.29927
3.4688	1.04771
4.60703	0.866341
4.88814	0.928738
4.44278	1.73621
6.2887	1.87597
6.64544	1.78325
6.70718	1.87204
6.3865	2.06545
5.6876	1.95792
4.45651	2.01585
4.6323	1.94036
4.37391	1.85406
3.65134	1.36163
3.49197	1.35834
3.31427	1.31575
4.11294	1.03128
3.98154	0.906483
5.125	0.623678
4.93659	1.01572
4.37917	1.28099
5.71839	2.25996
6.41404	1.96001
6.5163	1.81199
6.29099	1.91688
5.55373	2.07207
5.06037	2.06368
5.17625	1.98887
5.26566	1.89841
5.24988	2.00271
5.63317	1.91931
5.83686	2.02401
6.53679	1.70435
6.73732	1.6955
6.96628	1.54299
7.09421	1.49392
7.0904	1.50029
7.00595	1.58072
6.67958	1.81853
6.20491	1.83208
4.4675	1.8468
3.80049	1.73145
3.73987	1.72324
3.6028	1.57593
3.415	1.28612
3.95921	0.719141
5.00494	0.430428
5.32527	0.492432
5.41225	0.779218
6.13465	0.569415
6.42777	0.200695
6.43139	0.0662618
6.13946	0.168085
5.1513	0.639416
4.15415	1.05846
3.73324	1.457
3.65877	1.40296
3.48339	1.57062
3.52329	1.5832
3.46405	1.31956
3.51606	1.39868
3.60379	1.32322
3.57012	1.4134
3.62787	1.37021
4.43324	0.885022
5.69387	0.765399
5.51904	1.38103
6.20603	1.65816
6.22584	2.19751
6.36983	2.00511
6.36629	1.9964
6.27893	2.08053
5.73364	2.21
4.71697	2.07425
3.82055	1.90278
3.44946	1.5987
3.97271	1.35195
3.49798	1.32735
3.20982	1.09384
3.14316	1.08148
3.1937	0.57914
4.42779	0.318539
4.45182	0.513828
3.62044	0.991837
3.42187	1.2091
3.3278	1.39454
3.64946	1.62805
4.6682	2.19065
4.80075	2.15994
4.73294	1.79548
4.49748	1.88957
4.62204	1.74438
4.54296	1.8915
4.61684	1.88949
4.67931	1.87332
4.84094	1.61968
4.73677	1.732
4.59152	1.85122
4.57093	1.8301
4.54075	1.8678
4.46857	1.86624
4.48977	1.80662
4.85911	1.62263
5.89262	1.68389
6.35433	1.58
6.36848	1.73145
6.26521	2.00834
6.09032	2.21265
6.11786	2.14951
6.33579	1.74523
6.38479	1.61366
6.05439	1.46965
5.35527	1.37782
5.81061	1.40566
6.12327	1.60522
6.38597	1.61025
6.46724	1.54186
6.44033	1.45027
6.24239	1.68505
6.01788	1.82647
5.75267	1.82343
5.51098	1.66671
5.04013	1.59428
4.72395	1.07932
4.73068	0.322525
4.73281	-0.515885
4.57691	-0.635354
4.78924	-0.840798
5.07483	-0.708321
5.08068	-0.513665
4.83389	-0.640742
4.52969	-0.23529
4.41789	0.648376
4.92142	1.83362
5.73632	1.78704
5.87253	1.79128
6.00255	1.90072
6.12329	2.02811
6.05413	2.00006
5.56995	1.98294
4.24902	1.46908
3.88651	1.16099
5.6421	0.324569
5.46204	0.490584
4.05321	1.03965
4.21051	1.28236
4.97566	1.74465
5.66515	1.98744
6.10259	1.81498
6.37223	1.7104
6.4662	1.64818
6.49442	1.7736
6.36503	1.97897
6.24023	2.00758
6.13296	1.97852
6.0331	1.96075
5.89173	1.98701
5.72222	2.05855
5.53824	2.05976
5.03922	2.04844
5.06084	1.96958
4.30685	1.97202
4.68676	1.88267
4.05361	1.73694
4.41101	1.81415
3.85872	1.92008
3.99801	1.84119
3.78643	1.68918
3.66862	1.59164
3.63845	1.70777
3.45559	1.63259
3.3073	1.32192
3.13952	1.23371
3.14816	0.96913
3.03814	0.829601
3.51773	0.394133
4.51281	0.0878263
3.08556	0.704369
3.04539	0.823437
2.93085	0.726023
2.87634	0.612688
2.88583	0.756681
2.922	0.751637
2.93933	0.419894
2.90269	0.585074
2.81063	0.647736
2.36106	0.618238
2.69497	0.505918
2.62808	0.807436
2.739	0.506332
2.62908	0.463825
2.5019	0.443832
2.64731	0.495962
2.53791	0.474855
2.51613	0.457471
2.51599	0.466818
2.71437	0.862047
3.40431	1.84237
4.53452	1.99351
4.8008	2.06085
4.90732	1.96614
5.04562	1.85676
5.13465	1.7772
5.06507	1.56575
5.02926	1.59331
4.97953	1.62245
4.89655	1.61662
5.00155	1.61917
4.98496	1.62014
4.96386	1.61018
4.89229	1.6625
4.84156	1.63458
4.91401	1.64984
5.37638	1.6982
4.95776	2.17134
4.96228	2.15769
5.05561	1.98403
5.05715	1.86604
4.90591	1.31689
5.12028	0.27973
4.89014	-0.152446
5.07139	-0.502941
5.04217	-0.692041
5.0017	-0.679255
5.06425	-0.475685
4.92326	-0.387431
4.76227	-0.310104
4.52351	-0.0572544
4.6277	0.503998
5.84036	1.29394
6.33101	2.02361
6.63365	1.73596
6.91812	1.60082
7.18983	1.26974
7.41459	0.8622
7.38193	0.647731
7.2774	0.3386
6.98367	0.0853386
6.53881	-0.0715434
5.67863	0.0952183
4.42634	1.46182
4.28997	1.69082
4.4322	1.4435
4.08536	1.65823
3.80619	1.42059
3.67689	1.40994
3.64654	1.34256
3.49811	1.12988
3.38218	1.40428
4.77787	0.818897
5.57023	0.937299
6.10231	1.53466
6.51511	1.77822
6.42873	1.93203
6.26042	2.01929
6.06761	2.02812
6.304	1.84543
6.53016	1.63899
6.63642	1.53539
6.77418	1.52062
6.73682	1.49472
6.45171	1.67831
6.21047	1.7162
5.78558	1.72779
4.90965	1.69463
3.8243	1.90205
3.30473	1.56374
3.1772	1.4056
3.43496	1.5931
3.72136	1.60747
3.27008	1.34508
3.36299	1.39511
3.19133	1.41773
3.15296	1.4638
4.22595	1.75708
5.29673	1.77246
4.74492	2.08202
4.62402	2.04216
5.10865	1.94706
5.0658	2.02852
5.14405	1.97237
5.14381	1.83475
5.24117	1.7792
5.2811	1.80128
5.16754	1.87912
4.65341	1.70706
4.48439	1.75869
4.65442	1.59471
4.63376	1.70643
4.72538	1.76691
4.73922	1.8303
5.06682	1.43674
5.53695	1.41741
5.51829	2.094
5.55465	1.99454
5.52218	2.08425
5.56619	2.02656
5.58262	1.88179
4.83193	2.16535
4.1929	1.71694
4.04046	0.734898
4.19556	0.155798
4.35259	-0.2965
4.51341	-0.592297
4.54917	-0.809992
4.62268	-1.01717
4.60471	-0.941999
4.54044	-0.712304
4.4192	-0.547517
4.03016	0.0365023
3.68311	0.604027
5.41557	1.23742
5.56345	1.68223
5.65724	1.87561
5.73943	1.8137
5.70112	1.92915
5.74356	1.85305
5.91068	1.7505
6.0906	1.67475
6.25673	1.62095
6.28835	1.79568
6.35038	1.86879
6.28812	1.95233
6.26815	1.91835
6.11539	1.97787
5.94984	1.94522
5.76749	1.96457
5.51068	1.99011
5.18549	1.28889
4.94461	0.651962
5.3806	1.28282
5.11565	1.93089
4.84517	1.67182
4.35682	1.70835
4.62123	2.07713
4.75935	2.05813
4.72115	2.19995
4.86787	1.97032
4.93945	1.85893
5.11317	1.68396
4.96188	1.55958
4.63973	1.42892
4.77169	0.981426
4.72992	0.523505
4.81482	0.140562
4.89703	-0.148743
4.78635	-0.215917
4.88657	-0.103281
4.88624	-0.0799174
4.86098	-0.0461536
4.88464	0.159978
5.01678	0.391238
5.03287	0.543942
5.06324	0.781761
5.42934	0.735974
5.57332	0.798657
5.68453	0.937866
5.78244	0.973254
5.74573	1.29751
5.93218	1.25615
6.14687	1.10426
5.72105	1.1602
5.87144	1.06938
4.90704	1.41947
5.25054	1.09864
4.49816	1.39
4.01429	1.37529
3.65918	1.37187
3.32169	1.12415
3.19887	1.06147
2.89809	0.789204
2.78255	0.53937
2.68414	0.709688
2.71937	0.940038
2.70169	0.742222
2.70036	0.710066
2.53435	0.597836
2.7305	0.503366
2.59381	0.60125
2.74842	0.651972
2.63219	0.593996
2.51868	0.814837
2.96319	0.501691
2.97672	0.615446
3.00321	0.51458
2.91461	0.558025
2.82845	0.509914
2.91186	0.410296
2.94426	0.550317
2.92034	0.650799
2.73501	0.558848
2.86043	0.582593
2.77368	0.697356
3.90246	1.26188
5.0819	1.19343
3.84747	0.903031
3.53832	0.8705
4.29258	1.42567
6.16386	1.35645
6.3663	1.03014
5.7797	1.31317
5.32508	1.38754
5.05967	0.938069
4.96945	0.285406
4.94259	-0.145669
4.92885	-0.492098
4.9618	-0.402819
5.03199	-0.556689
4.87394	-0.404268
4.78364	-0.267883
4.48125	0.193888
5.19065	1.30315
5.78642	1.30995
5.97909	1.40394
6.02708	1.46067
6.03778	1.40883
5.88246	1.59979
5.63263	1.67003
5.44648	1.61704
4.90044	1.76547
4.59286	2.02945
4.56543	2.03146
4.60275	2.09124
4.45043	2.06346
4.39956	2.09289
4.28385	1.95267
4.2702	1.82377
4.0984	1.93483
3.98876	1.75952
5.26287	0.850942
5.17687	0.913246
5.31719	0.704098
5.72219	1.03321
6.11798	1.28287
6.41213	1.34215
6.55351	1.41736
6.59606	1.54144
6.68546	1.56497
6.69184	1.57271
6.60358	1.58264
6.40306	1.73517
6.26829	1.67205
5.82003	1.87297
5.11397	1.88393
4.17628	1.9406
3.66716	1.7458
3.54152	1.60919
3.39288	1.24775
3.48773	1.08624
4.46094	1.37989
5.17768	1.69331
5.67679	1.51418
5.86724	1.45097
5.813	1.47457
5.74243	1.50384
5.57007	1.62058
5.26596	1.82266
5.01121	1.99495
4.94511	2.01603
4.84059	1.98403
4.70345	1.91125
4.65608	1.76364
4.34691	1.90262
4.0587	1.84819
3.69241	1.61907
3.48756	1.21711
3.07761	1.05958
3.18893	0.794664
5.33399	0.0391381
5.17628	0.243151
4.77791	0.194577
5.47548	1.43596
6.13904	1.21014
6.13787	1.27437
6.01888	1.60687
5.69744	1.88593
5.07267	1.90174
4.58568	1.87804
4.61239	1.93038
4.61139	2.01017
4.71391	1.95949
4.73741	2.02579
4.81539	1.96752
4.88438	1.95617
4.99746	2.06672
5.48576	2.09797
5.78709	2.01581
5.95723	1.87935
6.0561	1.86065
6.09786	1.70144
6.15842	1.44618
6.22346	1.17477
6.20986	1.01747
6.16809	0.805352
6.04176	0.565077
6.06039	0.451605
6.21426	0.0804982
6.22974	-0.0355476
6.28189	-0.0513327
6.3496	-0.110266
6.38721	-0.116086
6.4876	-0.0464204
6.39352	0.125165
6.46595	0.256418
6.32739	0.759673
6.37912	1.15792
6.56902	1.24318
6.7403	1.23691
6.63957	1.42164
6.46594	1.61834
5.9151	2.02745
4.86857	2.30261
4.54937	1.95601
4.42631	1.90577
4.21726	1.87758
4.05318	1.95118
3.97081	1.76433
3.89958	1.6994
3.7428	1.67771
3.59264	1.53749
3.57058	1.38747
3.34223	1.23773
3.09768	1.22329
3.00531	1.15411
2.99668	0.853008
3.05805	0.802747
2.86533	0.769192
3.54909	0.815599
4.45786	1.02393
6.03173	1.9619
6.465	1.85439
6.78338	1.7506
6.77263	1.88949
6.96774	1.57065
6.81884	1.73961
6.4743	1.97998
5.72032	2.23707
4.10254	1.60031
3.58387	1.65616
3.46795	1.41827
3.37723	1.30318
3.35798	1.10661
3.37745	0.940798
4.51819	-0.145924
4.45865	-0.711508
4.78437	-0.756668
5.04905	-0.32677
5.30428	-0.52955
4.67605	-0.259123
4.32039	-0.105858
3.93145	0.0941798
3.55482	0.307114
3.50617	0.596272
3.39969	0.531976
3.64659	0.514719
3.76598	0.474411
3.75442	0.750178
4.25583	1.34833
4.96949	1.66027
5.27197	1.42163
5.38249	1.49971
5.53958	1.31796
5.47464	1.07556
4.97974	0.966224
4.87368	0.277634
5.04229	-0.322626
5.03688	-0.490798
4.93418	-0.687416
4.96554	-1.097
5.10482	-1.12152
5.11865	-0.961455
4.92532	-0.793884
4.74374	-0.853255
4.57293	-0.335088
4.62341	0.265466
5.68778	0.754328
5.83392	0.73613
5.89591	0.741289
6.0049	0.701946
6.06022	0.719691
5.78872	1.16712
5.68547	1.4111
5.62438	1.52481
5.05469	1.85972
4.02863	1.68083
3.84062	1.66217
3.68881	1.78577
3.73239	1.65598
3.7671	1.61064
3.67616	1.5081
3.49214	1.48949
3.53526	1.42441
4.60841	1.19118
5.25021	1.35146
5.50916	1.97262
5.41309	2.01773
5.30718	2.01075
5.32359	1.81389
5.1281	1.64539
4.81472	1.56959
4.79436	1.45084
5.32738	1.32358
5.40547	1.72094
5.77053	1.81396
5.26565	1.63724
5.40245	1.70967
4.85599	1.85362
4.57628	1.93025
4.50055	1.77807
4.46482	1.84275
4.48468	1.5855
4.57139	1.60961
4.04276	1.43859
3.96296	1.52598
3.73261	1.21443
4.163	0.293172
4.24772	-0.11166
4.44044	-0.40425
4.57244	-0.607349
4.55093	-0.825648
4.55309	-1.21605
4.45974	-1.05164
4.48531	-0.695794
4.58748	-0.857639
4.61234	-0.884874
4.6229	-0.984976
4.70076	-0.665893
4.52922	-0.533528
4.28308	-0.560071
4.01588	-0.526237
3.85113	-0.00543421
3.63158	-0.0574487
3.59693	0.218735
3.41138	0.460336
3.27138	0.673277
3.06567	0.629528
3.04299	0.595669
3.02609	0.58388
3.0926	0.57743
3.00063	0.909439
2.99455	0.638322
2.51008	0.700748
2.84369	0.509898
2.90355	0.506575
3.0027	0.554496
2.96248	0.446628
3.09761	0.530178
2.87889	0.566073
2.87383	0.57913
2.89459	0.457987
3.02929	0.697744
2.93862	0.580206
2.88863	0.482777
2.84003	0.591497
2.93029	0.49515
2.98234	0.487297
2.98038	0.542445
3.02209	0.383111
2.99677	0.569777
3.13353	0.684344
2.93423	0.685534
2.97871	0.70777
3.16355	0.97094
2.98034	0.629791
3.40517	0.436118
3.47879	0.502085
3.32156	0.846631
2.9973	0.860573
3.3348	0.75618
5.26541	0.036238
5.9993	-0.127723
6.01553	0.0924001
6.21274	-0.157661
6.16215	0.131507
6.151	0.120529
6.05077	0.115393
5.81079	0.22404
5.38736	0.297197
4.67286	0.3495
3.8536	0.77047
3.38975	0.852224
3.35382	0.968887
3.21148	0.860443
3.22124	0.617919
3.10268	0.648203
5.36624	-0.402918
5.93468	-0.307978
4.79872	0.177481
6.45812	0.351025
6.71801	0.631937
6.70634	0.816716
6.80086	1.03727
6.86025	1.13176
6.85297	1.23046
6.83427	1.23497
6.70825	1.26394
6.6315	1.10783
6.46363	0.984277
6.19367	0.847826
5.9387	0.704489
5.55905	0.870823
5.21211	1.41203
4.83043	1.88871
4.84468	1.87161
4.84933	1.76207
4.73792	1.81524
4.86608	1.44696
5.23218	0.823437
5.97943	0.552952
6.46268	0.709864
6.6022	0.988019
6.24786	1.21552
5.78014	1.12315
6.24265	1.29141
6.55144	1.32964
6.73072	1.35432
6.66372	1.46478
6.50659	1.43675
6.17533	1.53774
5.4296	1.87284
4.83528	1.66095
4.66692	0.977074
4.75423	0.449213
4.61184	0.222559
4.72399	0.0498167
4.58752	-0.149985
4.5011	-0.136121
4.24957	0.244758
4.16937	0.600222
4.29831	1.02579
5.31715	2.15935
6.10057	2.04713
6.32856	1.98486
6.48863	2.08419
6.56059	2.04877
6.34532	2.13516
5.74718	2.04113
4.55303	1.94878
4.4891	1.65311
4.33932	1.91881
4.62279	1.76233
4.68932	1.72965
4.8516	1.90419
4.90053	2.03479
5.0279	1.99099
5.07043	1.93187
4.99549	2.1126
5.06233	2.09629
5.20973	1.9578
5.76429	1.5084
6.47407	1.39511
6.51574	1.22778
6.3735	1.15244
6.13075	1.11436
5.57489	1.28183
4.82789	1.6782
4.55296	1.89798
4.31688	2.0509
4.20259	1.92974
4.06529	1.93074
3.83771	1.80704
3.99708	1.17456
4.83484	0.149573
4.2627	-0.0177911
4.54863	-0.46126
4.74249	-0.50574
4.74128	-0.171437
4.74833	0.147769
4.50198	0.580193
4.48762	1.18124
5.46766	1.76024
6.07261	1.6816
6.31236	1.73338
6.33382	1.87675
6.39125	1.80156
6.32708	1.81535
6.56921	1.6013
6.59804	1.57911
6.587	1.62139
6.44337	1.85411
6.45048	1.99551
6.57089	1.93323
6.67709	1.80545
6.5181	2.00977
6.21035	2.25169
5.97842	2.21909
5.81909	1.68758
5.71659	0.831489
5.36518	0.144467
4.99108	-0.571542
4.83335	-0.501432
4.82032	-0.878524
4.77796	-0.553001
4.80989	-0.403996
4.83501	-0.565173
4.65359	-0.553466
4.59626	-0.291992
4.00303	0.44722
3.93252	1.20232
5.71598	1.59096
5.99086	1.86754
5.81822	2.29367
5.95103	2.17379
5.53788	2.15492
5.09497	1.98763
5.0074	2.10847
4.90036	2.13716
4.77144	2.07236
4.56299	2.09063
4.39957	1.989
4.27354	1.83404
4.0074	1.74804
3.76591	1.65994
3.49333	1.60647
3.32401	1.24024
3.18742	1.05032
4.38741	0.187615
5.63819	0.0335763
5.13328	0.738968
4.89765	0.735049
4.92598	1.10953
5.51987	1.34739
4.68664	0.874575
5.43937	1.31822
6.24724	1.13201
6.38144	1.31991
6.4017	1.4186
6.34345	1.45281
6.26587	1.49942
6.19438	1.41905
6.05909	1.40568
5.87618	1.51688
5.73086	1.57898
5.52153	1.62611
5.16858	1.77649
4.29868	2.02524
4.01482	1.85796
4.11314	1.71099
4.03385	1.93363
4.09521	1.74789
3.99332	1.88985
4.11153	1.89974
4.46263	1.51074
4.71999	1.07888
4.51427	0.794456
4.51724	0.685739
4.42809	0.795127
4.48739	0.697668
4.5593	0.668492
4.25488	0.709439
4.11866	0.956222
3.85009	1.03051
3.95575	0.597146
4.04075	0.106764
4.33044	-0.354007
4.40883	-0.275318
4.48733	-0.322148
4.44701	-0.313552
4.40523	-0.187659
4.50847	-0.0691417
4.51373	-0.196686
4.62673	-0.117383
4.46386	-0.226131
4.33246	-0.178244
4.27831	-0.117196
4.2191	-0.000699241
4.06105	0.223933
3.65185	0.310944
3.38054	0.476528
3.25652	0.772276
3.24906	0.87553
3.13893	0.877348
3.04553	0.926256
3.07297	0.896208
3.12472	0.806779
3.07	0.834522
3.0569	1.07372
3.15126	0.848523
3.0158	0.743376
2.86483	0.736558
3.02931	0.777847
2.74487	0.715856
2.73394	0.696941
2.76094	0.566464
2.96475	0.678928
2.8504	0.642774
2.84361	0.497405
2.8396	0.721414
2.78591	0.542946
3.04559	0.771917
3.15068	0.378948
3.42462	-0.0390184
3.76673	-0.190651
4.0014	-0.212563
4.32899	-0.427422
4.39353	-0.605267
4.39304	-0.503474
4.31014	-0.452724
4.35882	-0.261161
5.29783	0.163336
5.85604	0.420057
5.79512	0.70505
5.93202	0.51809
5.8272	0.430834
5.40177	0.723439
4.96186	0.52375
4.96784	0.386581
4.85286	0.00456018
4.88463	-0.307519
4.88126	-0.461363
5.01409	-0.555251
4.86341	-0.569111
4.88161	-0.668074
4.7299	-0.44182
4.86709	-0.165641
4.83543	-0.0308903
4.29243	0.299684
4.44659	1.02802
6.27601	1.39756
6.43592	1.83812
6.67824	1.79724
6.97675	1.62363
7.30353	1.2877
7.33739	1.31601
7.43902	1.21667
7.46794	1.21103
7.36017	1.33422
7.33125	1.37726
7.31535	1.36594
7.29972	1.29945
7.29405	1.25347
7.27456	1.19142
7.14934	1.104
6.89802	1.05496
6.47954	1.10579
5.66141	1.54436
5.39715	1.64166
5.18248	1.69964
4.91894	1.70565
4.71635	1.88062
4.45756	2.04502
4.29898	2.04002
4.25711	1.82512
3.94555	1.74474
3.70321	1.75366
3.49513	1.38335
4.84406	0.1785
4.5429	0.0144145
4.4902	-0.856108
4.66997	-0.956862
4.7604	-0.972584
4.76549	-0.843222
4.5666	-0.833814
4.44876	-0.800002
4.06651	-0.214289
3.67615	0.618364
3.62751	1.57441
3.10291	0.873486
3.0078	0.77023
3.03685	0.609016
3.02113	0.532015
2.89501	0.620482
2.84641	0.654476
2.80788	0.489922
2.81602	0.565902
2.96578	0.680848
3.12802	1.26634
3.08548	1.03506
3.94598	1.87174
4.98396	2.15838
5.06278	2.07084
5.10808	2.04408
5.0324	2.01061
4.91796	2.10361
4.81891	2.01456
4.83052	1.91903
4.81491	1.95328
4.74073	1.97009
4.69977	1.98556
4.67777	1.92648
4.64947	1.84698
4.4362	1.97723
4.40019	2.04396
4.40818	2.11491
4.53605	1.97103
4.48766	2.11495
4.60488	2.04808
4.89555	1.80499
5.72492	1.63592
6.2689	1.39956
6.4017	1.16846
6.5398	1.04047
6.59484	0.961716
6.68072	0.915815
6.6943	0.868499
6.65997	0.87781
6.61701	0.910788
6.55449	0.990256
6.42861	1.10269
6.19136	1.33479
5.89649	1.54185
5.35493	1.96965
5.06356	1.79829
4.78706	1.70826
4.48275	1.72057
4.26441	1.36694
4.06148	0.74872
4.35917	0.390677
4.56986	-0.1123
4.44858	-0.381723
4.27806	-0.173322
4.18108	-0.254385
4.00257	-0.108001
4.10184	-0.18746
3.92427	-0.233806
3.85251	-0.30622
3.70781	-0.0562359
3.24301	0.63959
2.8293	0.809625
2.85517	0.528944
2.90302	0.535454
2.8192	0.520752
2.84351	0.4182
2.83304	0.469231
2.85369	0.521802
2.73843	0.69079
2.85631	0.441185
3.40408	0.716193
4.06589	0.811802
3.606	0.443648
3.69364	0.714109
5.25739	0.869867
5.85931	1.39147
5.45142	1.80158
4.95202	1.96895
4.43638	1.93542
4.05	2.20763
3.94711	2.33126
3.83124	2.04489
3.80851	2.03064
4.01299	1.87729
4.27031	1.6583
4.76013	1.6019
5.25152	1.41024
5.75777	1.29442
6.21093	0.93666
6.38829	0.699278
6.45454	0.510916
6.40601	0.333505
6.00902	0.420067
4.61262	0.646612
3.63796	1.3857
3.59682	1.55246
3.49483	1.61149
3.42772	1.39857
3.58612	1.35046
3.46169	1.49776
3.30832	1.58956
3.27953	1.4289
3.30352	1.42299
4.09894	0.986726
5.22365	0.730852
5.53143	0.57934
5.50224	0.511093
6.05902	0.122841
6.02654	0.260055
6.18246	0.102878
6.19203	0.000154709
6.12108	0.0265256
6.13026	0.0486983
6.09148	0.0313429
6.07361	-0.0226641
6.02078	-0.0406521
6.00029	0.0604535
5.94553	0.189969
6.01176	0.341133
6.17231	0.43518
6.25265	0.613015
6.25469	0.760482
6.23493	0.981444
6.10635	1.12887
5.86993	1.35661
5.82695	1.43599
5.49454	1.8241
5.3776	1.64066
5.47729	1.53775
5.01631	1.77174
4.69839	1.94134
4.78729	1.69497
4.19334	1.59127
3.77567	1.39407
3.93628	0.737146
4.03385	0.273988
4.13346	0.0361819
4.06363	0.039774
3.90914	-0.177147
3.86671	-0.265325
3.92456	-0.295453
3.87451	-0.347065
3.8127	-0.351025
4.02558	-0.378761
4.00295	-0.0419294
4.14275	0.325535
3.88169	-0.188801
3.60284	0.00609344
3.42763	-0.165537
3.26857	-0.290003
3.14952	0.0721457
3.07164	0.379066
2.96682	0.480792
2.86537	0.577174
2.87979	0.798851
2.85562	0.545849
2.90319	0.74107
2.93387	0.500949
2.78665	0.516801
2.84759	0.532926
3.2812	0.420999
3.41162	0.395045
3.69146	-0.0498859
4.13209	-0.0596163
4.414	0.073663
4.95366	-0.187534
5.14988	-0.3097
5.00083	-0.0968005
4.65906	0.572815
6.86445	0.674757
6.94129	0.941643
6.91994	0.788933
6.94996	0.712053
6.92312	0.661734
6.90871	0.549389
6.77421	0.622033
6.71198	0.630153
6.73045	0.655662
6.86808	0.700086
7.04192	0.741806
7.15041	0.750127
7.12769	0.875168
6.97393	1.05896
6.62597	1.34505
6.21084	1.55788
5.71723	1.84236
5.31411	2.1443
5.20382	2.08196
5.07816	2.16197
5.05953	2.08636
4.95483	2.08283
4.7934	2.12987
5.22685	1.66707
6.18411	1.39477
6.60613	1.53692
6.77929	1.58725
6.46338	1.77728
5.46869	1.84921
5.91149	1.85841
6.36713	1.8352
6.79046	1.63483
6.91616	1.60269
6.94259	1.55811
6.82236	1.63392
6.52657	1.87069
6.05944	2.17518
5.20696	2.09899
4.98545	1.98864
4.76838	1.9379
4.53921	2.02231
4.32175	1.97425
4.15905	1.91197
3.87267	1.95879
4.24729	0.985115
4.94109	0.489183
4.18772	-0.0191462
4.42445	-0.260207
4.50936	-0.40686
4.7244	-0.365417
4.59323	-0.0926016
4.14846	0.130504
3.78848	0.874057
4.03105	1.04156
5.31626	1.41978
6.41454	1.81564
6.42418	1.90521
6.89963	1.53881
6.90799	1.58582
6.99113	1.51308
7.01929	1.45125
6.95682	1.50652
6.86513	1.54911
6.69901	1.62676
5.83365	1.90657
4.18313	1.92509
3.70099	1.61538
3.4644	1.48536
3.40928	1.27309
3.377	1.13538
4.1237	0.732672
4.50871	0.684001
6.01177	1.60808
6.47632	1.70206
6.71412	1.57446
6.66373	1.75493
6.83213	1.53774
6.60604	1.72863
6.38148	1.91958
5.86852	1.83236
4.0391	1.88543
3.57195	1.74054
3.67192	1.66246
3.56231	1.67971
4.57811	0.385528
4.49144	0.0707504
4.4688	-0.283698
4.7342	-0.673584
4.7345	-0.0115179
5.05865	0.369326
5.02465	1.01447
5.42439	1.54662
5.7192	1.66059
5.95024	1.59276
6.07242	1.50392
6.04554	1.67159
5.72429	1.83459
5.14541	1.62028
5.59322	1.61719
6.03845	1.74516
6.23389	1.8594
6.36658	1.79227
6.40042	1.75077
6.1829	2.13063
6.19046	2.01175
6.11995	2.03364
5.7118	1.96204
5.07968	1.57576
4.94249	1.63463
4.67988	1.79176
4.51387	1.70414
4.20135	1.62153
3.77018	1.67985
3.44972	1.59465
3.33546	1.37684
4.66119	0.391073
5.60364	0.25931
4.94824	0.78921
4.14264	1.15507
4.36306	1.74521
6.07056	1.64726
6.00226	1.8513
6.10434	1.74861
5.81745	1.85913
5.36107	1.78671
3.97894	1.7255
3.40281	1.33113
3.18407	1.39778
3.22314	1.23549
3.16571	0.984994
4.60469	0.413163
5.88019	0.60096
5.65731	0.65362
4.44975	1.19877
6.43445	1.52489
6.3909	1.91997
6.29929	2.08546
6.24255	2.04436
6.04342	2.0448
5.92271	2.17209
5.97208	2.07421
5.87537	2.05741
5.75267	2.04755
5.6086	2.04738
5.63469	1.80984
5.4789	1.70381
5.16799	1.66976
4.43314	1.6131
3.76386	1.67259
4.14509	1.0068
4.06933	1.01114
4.21062	0.742994
5.43954	0.455499
5.5503	0.573696
5.82862	0.706281
5.92305	0.738091
5.69582	0.370407
5.6466	0.346336
5.70798	0.25211
5.55606	0.472413
5.60817	0.364368
5.70157	0.326575
5.75907	0.287494
5.63176	0.536441
5.67828	0.598908
5.94508	0.511699
6.13382	0.54478
6.20287	0.776784
5.39117	1.10812
5.50651	1.257
5.29886	1.61606
5.312	1.71892
5.17062	1.6556
4.9875	1.68352
4.60241	1.87498
4.15965	2.03354
4.29838	1.80893
4.13019	1.70529
3.74661	1.48519
3.59538	1.55875
3.5878	1.28275
3.41557	1.13091
3.26681	1.04523
3.1075	0.924275
2.98653	0.859312
2.92993	0.879165
2.91691	0.723241
2.98581	0.840889
2.94589	0.719607
2.97945	0.561616
2.83292	0.568048
2.78271	0.5586
2.88077	0.456018
2.97413	0.722699
2.80123	0.522595
3.25647	0.0872577
2.76495	0.54847
2.86629	0.714875
2.88053	0.713027
2.89071	0.442596
3.54985	0.14277
2.9301	0.337066
2.68194	0.444096
2.91239	0.673448
2.80187	0.727005
2.75482	0.876035
2.90603	0.818682
3.62479	0.77606
4.7231	1.29843
5.19537	1.75261
5.7239	1.58619
5.75529	1.80312
6.25979	1.19614
6.61475	1.59765
6.67235	1.95776
6.8129	1.8163
6.83332	1.72045
6.51378	1.91521
6.20093	2.03878
5.77428	1.93025
5.17807	1.78672
4.8781	0.876817
4.99369	0.363526
5.14191	-0.0981549
4.90214	-0.350568
4.88704	-0.41551
4.93963	-0.336612
4.89043	-0.202703
4.69575	0.022877
5.20674	1.31164
6.2758	1.7928
6.39478	1.9041
6.60678	1.79939
6.52154	2.05086
6.26515	2.36809
6.07348	2.39046
5.83057	1.91269
5.64968	1.69149
5.47177	1.72049
5.61923	1.82349
5.60258	1.88783
4.83088	1.8138
3.42705	1.57297
3.3927	1.44108
3.39276	1.36386
4.21501	0.901314
5.11563	0.354704
4.18888	1.04057
4.64225	1.72109
5.18194	1.82015
5.44631	1.97329
5.47995	2.11335
5.54706	1.96357
5.52645	2.00052
5.517	1.96457
5.4173	2.21922
5.52	2.25656
5.71259	2.20849
6.34203	1.70351
6.2661	2.00311
6.26732	2.07806
6.33201	2.12421
6.40668	2.03018
6.13654	2.42104
6.22789	2.00435
6.16912	1.90957
5.91965	1.90051
5.4848	1.92678
5.23079	1.20184
5.00475	0.560407
4.95239	0.260601
4.79031	-0.233021
4.86462	-0.319977
5.05633	-0.290587
4.77998	-0.0801344
4.86185	0.139558
4.56596	0.355549
4.95597	1.45041
5.11606	1.93985
5.33594	1.73201
5.45286	1.79325
5.42693	2.05546
5.20015	2.02139
5.06871	1.37373
4.91726	1.06126
4.92189	1.17275
4.60422	1.06164
3.39977	1.14421
3.1094	1.10398
2.98743	0.89789
2.95477	0.865873
2.95363	0.946331
3.05356	0.724997
3.1171	0.665373
4.77228	0.802641
5.01801	0.731778
4.90281	1.19671
6.11994	1.66493
6.32319	1.56751
6.33623	1.5911
6.32557	1.56964
6.28989	1.50694
6.20274	1.35218
5.85874	1.23334
5.07661	1.12961
4.34676	0.924385
4.44834	0.393399
3.64905	0.666906
3.1378	1.05332
3.79957	0.576746
4.2535	0.208292
3.87163	-0.318224
4.06504	-0.184242
4.2053	-0.53266
4.74917	0.707324
5.64756	1.46908
5.72457	1.52141
5.88442	1.56194
6.03391	1.59023
6.06628	1.822
6.14362	1.85462
6.22828	1.82238
6.14276	1.92909
6.06756	1.82453
5.2797	1.82574
3.64553	1.74192
3.41771	1.45997
3.32064	1.40642
3.16586	1.0804
3.17698	0.963759
3.14314	0.932533
3.52516	0.995665
3.80786	1.14891
3.88899	0.974419
4.08687	1.44367
5.29281	1.88924
4.71317	1.87265
3.96049	1.69586
4.8666	1.87796
5.74231	1.72554
6.18276	1.60675
6.26793	1.4518
6.21262	1.56254
6.16281	1.54626
6.23866	1.43512
6.1081	1.62018
6.12033	1.5542
5.95809	1.63977
5.79261	1.65511
5.2154	1.89875
4.64774	1.88064
4.46386	1.93917
4.50438	1.84148
4.47281	1.79208
4.51139	1.88554
4.40901	1.98724
4.71881	1.6273
5.02495	1.0614
5.07898	0.735899
4.99608	0.684173
4.82695	0.713736
4.70471	0.773908
4.55473	0.917888
4.56327	0.755731
4.54221	0.704641
4.42921	0.821333
3.82059	1.22699
3.76967	0.91666
3.94226	0.445847
4.1389	-0.1413
4.0707	-0.583571
4.14861	-0.575793
3.92408	-0.844383
4.08908	-0.877064
4.19897	-0.823856
4.22382	-0.732398
4.20281	-0.693295
4.21208	-0.79345
4.18334	-0.684286
4.11942	-0.605725
4.08944	-0.51314
4.41565	-0.27893
3.87931	-0.476525
3.75268	-0.249582
3.39512	-0.149438
3.4598	-0.410196
3.36866	-0.0587566
3.28096	0.245863
3.16396	0.310408
3.0387	0.447417
2.96315	0.571286
2.98853	0.540278
2.96722	0.611283
2.82823	0.659595
2.83926	0.576479
6.25199	1.41861
6.31745	2.10398
5.86242	2.3092
5.17291	2.37877
4.98107	2.13482
4.82015	2.20863
4.74157	2.12306
4.49991	2.08189
4.21619	2.0091
3.68761	1.97543
3.56512	1.43697
6.18793	0.369747
5.83427	0.776106
5.94654	2.25927
5.68188	1.87074
5.59666	1.66585
6.17251	2.13676
6.35931	2.28998
6.41756	2.33279
6.52016	2.13829
6.31833	2.44188
6.26737	2.31059
6.01708	2.25119
5.59959	2.36226
5.11957	2.13337
4.8421	2.0106
5.00642	1.83984
5.1627	1.64298
5.23984	1.6425
5.49261	1.86852
5.7199	2.13772
6.06875	1.99707
6.05924	2.13155
6.15104	1.97814
6.1081	1.95384
6.12266	1.87498
6.07772	1.84348
5.98056	1.86339
5.97965	1.75708
5.91601	1.74116
5.84885	1.74403
5.92097	1.71347
6.00496	1.66868
6.03303	1.6344
5.97937	1.66373
5.7864	1.6547
5.75214	1.69588
5.93027	1.60966
6.0502	1.6849
6.18178	1.78786
6.315	1.79131
6.25848	1.97796
6.34345	1.96936
6.30816	2.07034
6.33242	2.03629
6.28901	2.06376
6.22417	1.99569
5.60555	2.39246
5.2077	1.80815
5.09358	1.91939
5.15352	1.78613
5.05188	1.85937
4.92228	1.76991
4.78176	1.82035
4.60868	1.77226
4.39848	1.83152
4.09766	1.82059
3.77892	1.7537
4.47094	1.01052
5.33534	0.695372
5.05387	1.31233
5.68397	1.95131
6.14978	1.74051
5.30263	0.816548
4.76941	-0.31876
5.27591	-0.0408157
5.89082	1.35922
6.20881	1.94341
6.32582	2.05631
6.44777	1.92099
6.27691	2.17475
6.19699	2.29918
6.05618	2.29969
5.51558	2.33121
4.9819	2.09139
5.12174	1.823
5.02894	1.94634
5.16696	1.79784
5.26317	2.1453
5.93365	2.08566
6.19129	2.30826
6.24479	2.22055
6.28188	1.96962
6.00147	1.87353
5.3074	1.91615
4.49061	1.8913
3.86299	1.96607
3.56668	1.567
3.39727	1.19886
3.32895	1.07997
4.99327	0.38552
5.65606	0.425587
4.61368	0.451285
5.13171	1.34229
6.26784	1.32646
6.15359	1.50174
6.08512	1.74282
5.46867	1.93042
4.30592	1.46368
3.53804	1.57944
3.47379	1.5987
3.45929	1.57742
3.44854	1.49864
3.31324	1.53248
3.35846	1.6374
3.53642	1.43803
3.52707	1.43258
4.22019	0.614608
5.01241	-0.0772663
4.72713	0.22181
5.19696	0.122477
4.67998	-0.378047
4.49646	-0.0289469
4.38328	0.457542
5.02136	1.51797
6.0825	1.51183
6.07578	1.71034
6.01999	1.87604
5.0719	2.05437
5.12433	2.06764
4.8735	1.97854
5.2216	2.0409
4.57094	2.15242
4.43545	2.25689
4.34796	2.08816
4.45441	2.29361
4.24946	2.09865
4.02574	1.9507
3.54086	1.70377
3.20012	1.37758
3.13847	0.818177
3.07682	0.608029
3.02576	0.558075
2.88049	0.700264
2.93117	0.708291
3.0428	0.616802
2.91392	0.810349
2.91949	0.695107
3.08321	0.548586
5.21597	0.977426
4.55981	1.08599
4.42605	0.897633
3.94443	0.838372
3.68897	0.522622
3.55524	0.853395
3.42863	1.01831
3.1867	0.856615
3.12605	0.672402
3.13626	0.646302
2.99444	0.684652
2.98508	0.424405
3.03426	0.75624
2.9243	0.352451
2.94584	0.633498
2.99351	0.709159
2.584	0.39303
2.92537	0.436979
2.76057	0.418892
2.80128	0.479121
2.93539	0.543047
2.89496	0.488282
2.89631	0.736966
2.90246	0.77451
3.36672	0.957686
5.38305	1.52279
6.51959	1.32383
6.4202	1.92137
6.55421	2.03261
6.68712	2.02054
6.80029	2.01016
6.92753	1.76557
6.89662	1.72833
6.75054	1.76578
6.53776	1.76234
6.19992	1.87119
6.00323	1.7721
5.75878	1.72677
5.55208	1.59116
5.33158	1.64187
5.22814	1.61825
5.22926	1.53293
5.15658	1.38946
5.21484	1.20181
5.24713	1.10903
5.31134	1.02486
5.51965	0.977424
5.90166	0.90595
6.29232	0.793241
6.55736	0.594323
6.69336	0.373418
6.76182	0.195511
6.76632	0.130795
6.75418	0.159534
6.73741	0.286346
6.73205	0.432557
6.6994	0.642092
6.62635	0.9415
6.33996	1.31126
5.75848	1.58969
5.29838	1.52115
4.79857	1.66945
4.86485	1.5733
4.97329	1.90387
4.52789	1.86764
4.48419	1.98094
4.60965	1.8434
4.74108	1.83721
4.73666	1.99713
4.88278	1.9642
5.80465	1.67487
5.88281	2.19051
6.2028	2.02774
6.27542	1.9647
6.27164	1.96609
6.36232	1.81603
6.3828	1.79421
6.46356	1.649
6.49851	1.59554
6.37576	1.65077
6.28033	1.62233
6.05767	1.60531
5.76483	1.46963
5.46575	1.20169
4.92321	1.05402
4.73573	-0.0544681
4.71913	-0.511681
4.68645	-0.651142
4.66522	-0.922396
4.87944	-0.837171
4.84608	-0.403715
4.85517	-0.597308
4.84908	-0.25262
4.28466	0.103716
3.82852	0.780713
4.21918	1.67469
4.97357	2.03792
4.82346	1.9156
4.78999	2.01986
4.84354	1.95107
4.81823	1.84026
4.69106	1.92256
4.566	1.91725
4.2426	1.87139
3.71816	1.73147
3.31078	1.39818
3.06891	1.11352
3.54098	0.789864
5.03623	0.799217
4.0901	0.925995
5.40447	2.25208
6.01303	1.80639
6.07291	1.78313
5.96408	1.79584
5.54986	1.88864
4.98466	1.71134
4.71031	0.994284
4.66216	0.253803
4.56288	0.0499086
4.54608	-0.0225908
4.58104	0.0499938
4.3733	0.0537066
4.44079	0.258172
4.15266	0.465084
4.01004	1.04525
5.40079	1.80601
5.74442	2.32636
5.78174	2.12957
5.62456	2.16661
5.193	1.9473
4.37964	1.76808
3.49192	1.515
3.21642	1.3635
3.14898	1.13795
3.05166	0.811223
2.87312	0.940203
2.97878	0.863289
3.49934	0.871443
4.1845	1.14084
3.27451	0.944415
5.2431	1.12669
6.41494	1.16135
6.22051	1.53114
6.22917	1.44858
5.65284	1.65246
4.7115	2.0035
4.72294	2.06968
4.84437	1.86845
4.70033	1.95467
4.6602	1.97042
4.65397	1.92202
4.53248	1.95094
4.32937	1.99399
4.5479	1.49992
4.54597	1.13361
4.19644	0.838704
3.97112	0.623688
4.19315	0.399072
4.00617	0.0918968
3.93282	-0.0361899
3.68298	-0.165339
3.4366	0.203501
3.25344	0.398883
3.42987	1.00293
4.32629	1.9949
4.64339	2.11541
4.83315	2.30628
5.08362	2.24962
5.26035	2.22395
5.44766	2.14951
5.39838	2.1685
5.22667	2.16625
4.75771	2.30673
4.43437	1.77029
4.39003	0.990617
4.63739	0.227021
4.82763	-0.583187
4.90053	-1.06929
4.97636	-1.12387
5.17267	-1.29152
5.23242	-1.24845
4.8938	-1.04919
4.91945	-0.901247
4.78714	-0.63123
4.19034	-0.258767
3.78115	0.666005
4.31926	1.63882
4.83805	1.58205
4.96106	1.42802
5.04034	1.49924
5.17202	1.43844
5.11023	1.61073
4.90366	1.79035
4.65295	2.04317
4.82329	1.96877
4.95766	2.21201
5.25386	2.21578
5.53583	2.12783
5.81207	1.91027
5.95278	1.84027
5.99066	1.79915
6.02874	1.78782
5.96542	1.93664
5.88188	2.02593
5.86994	1.98465
5.85861	1.90816
5.89198	2.04446
5.67334	1.8526
5.34537	1.93138
4.6154	1.93703
4.93342	1.69577
4.48262	1.76173
4.39691	1.65741
4.32661	1.82972
4.21322	1.79044
4.3188	1.7554
4.26512	1.60299
3.96223	1.52956
3.74731	1.35047
3.63497	1.39008
3.55331	1.17597
2.3475	0.0255178
2.81087	0.309321
2.81701	0.597114
2.77817	0.473255
3.49688	1.46033
4.35046	1.9426
4.92703	2.1507
4.98235	2.12093
5.23351	2.12228
5.37359	2.05969
5.49652	1.7246
5.04663	1.73904
5.09506	1.70641
5.25903	1.59644
5.80864	0.927421
5.72845	1.32631
6.1865	1.82777
6.3947	2.04916
6.5576	2.07416
6.59506	2.11683
6.60863	1.80152
6.51681	1.43689
6.20306	1.91247
5.74594	2.10088
5.394	1.8035
4.87043	1.61223
4.04309	1.54225
3.87012	1.3082
3.67639	0.700044
3.91504	0.389852
5.21116	0.401801
5.86347	0.630123
6.0422	0.993699
6.18735	1.09189
6.36977	1.41762
6.52124	1.64605
6.62711	1.62851
6.5013	1.61487
6.07038	1.6882
5.32179	1.69864
5.14256	0.453584
4.97727	-0.216938
5.01536	-0.586172
5.07143	-0.28354
5.15088	-0.316843
5.08781	0.37094
5.13864	1.39174
5.2006	1.62437
4.75565	1.83778
4.28046	1.7928
3.77333	1.69722
3.62463	1.6336
3.47206	1.5603
3.45504	1.51189
4.98001	1.29201
5.71392	1.68343
6.19754	1.9797
6.34641	1.9841
6.54009	1.92646
6.57537	1.90499
6.28245	2.00629
5.5405	1.90227
5.6561	1.83891
5.77155	2.28718
5.18488	2.43446
3.86764	2.13317
3.5864	1.66739
3.44589	1.51543
3.33525	1.45239
3.35734	1.0336
3.18473	0.944964
3.35573	0.93365
3.19283	1.16857
3.39204	1.40162
4.01794	1.7806
4.47684	2.01554
5.08287	1.8776
5.3383	1.98587
5.51798	1.90569
4.94593	1.50385
3.69939	1.42508
3.34382	1.45441
3.35175	1.07019
5.15961	0.430689
5.34952	0.229082
5.15887	0.127622
4.37648	0.705042
3.96144	1.29749
6.13378	1.80215
6.3217	1.88347
6.58321	1.58355
6.4001	1.74461
6.34678	1.66403
6.04098	1.80047
5.64558	1.87367
5.12053	1.96473
4.87136	1.85867
4.74634	1.7095
4.49492	1.86362
4.29503	1.80436
3.81918	1.71806
4.48231	0.671985
4.69261	0.17609
4.39662	-0.00130346
4.67199	-0.00505773
4.78227	-0.336813
4.78815	-0.187482
4.71306	0.730071
5.56253	1.53109
5.91298	1.53085
6.09673	1.58303
6.25337	1.57865
6.17635	1.92867
6.21628	1.98135
6.15886	2.12017
6.25721	1.94985
6.37223	1.83847
6.43602	1.86238
6.64654	1.66601
6.72562	1.56113
6.82451	1.31134
6.79	1.16024
6.67262	0.88384
6.51172	0.578734
6.14454	0.50239
5.60409	0.810327
4.72417	1.89856
4.66629	1.93261
4.56262	1.87583
4.51016	1.87767
4.09935	1.889
3.61182	1.56957
3.33209	1.3935
3.25125	1.17231
3.19695	0.916717
5.20669	0.215166
5.51484	0.408649
5.52538	1.41596
6.66159	1.59236
6.58001	1.67623
6.60227	1.70616
6.52742	1.88527
6.42297	2.06866
6.19557	2.04437
5.44792	1.51224
5.89856	1.69456
6.1442	2.00628
5.87761	2.18831
5.26735	2.2273
4.58386	2.18326
4.50133	2.07627
4.54052	1.98608
4.85662	1.93702
5.30187	1.8231
5.76995	1.82605
5.99044	1.96352
6.09097	2.0632
6.29674	1.91057
6.36746	1.76716
6.33109	1.81743
6.21189	1.84507
5.652	2.18056
5.03936	2.00351
4.84537	1.79432
4.81726	1.86977
4.82944	1.79932
4.78837	1.75366
5.25123	1.06835
5.34142	0.879321
5.46802	0.569365
5.64462	0.399848
5.74199	0.257295
6.00057	0.121261
6.19913	0.178045
6.41074	0.356571
6.52106	0.764748
6.63563	1.03532
6.63671	1.3668
6.68215	1.58991
6.77885	1.61039
6.6629	1.84551
6.27574	2.10603
6.26144	1.81152
6.25791	1.79551
6.57802	1.30071
6.37632	1.75862
6.65786	1.53783
6.93637	1.42984
6.91016	1.40237
6.67951	1.53992
6.4288	1.58251
6.09818	1.70488
5.72813	1.74462
5.40127	1.84579
5.14676	1.94651
5.05463	1.89546
4.9086	2.02943
4.87595	2.11734
4.7951	1.78203
4.70652	1.79062
4.67051	1.70631
4.65481	1.66367
4.46978	1.76238
4.47996	1.53725
4.724	1.08758
5.05531	0.560518
5.22594	0.372809
5.5536	0.240685
5.84942	0.198319
6.15505	0.302971
6.3253	0.508666
6.37848	0.723403
6.23063	1.02358
5.91628	1.39371
5.4305	1.6808
4.92955	1.55779
4.60389	1.06823
4.54426	0.290801
5.15841	-0.420909
5.11842	-0.580957
4.9877	-0.57266
4.99261	-0.647975
4.99916	-0.487831
4.7747	-0.481782
4.81496	-0.271675
4.76198	0.200839
4.56961	0.421213
4.11882	0.702135
3.80203	1.20522
4.28393	1.75828
4.90517	1.68065
4.60176	1.49491
4.47688	1.51714
4.31325	1.55898
4.38558	1.63729
4.20638	1.58783
4.55646	1.37883
5.18746	0.991569
5.50123	0.920288
5.71233	0.76062
5.92418	0.418424
6.09757	0.340738
6.24864	0.392428
6.35574	0.485462
6.48288	0.703936
6.36922	1.04836
6.45106	1.17011
6.30649	1.35597
6.18495	1.40794
6.08651	1.23357
5.77679	1.38932
4.43579	1.47569
3.56709	1.24901
3.30526	0.923046
3.25602	0.945958
3.71412	0.467669
5.21591	-0.191088
4.68785	0.671409
4.07105	0.455409
3.92828	0.461875
3.88361	0.590509
5.03714	0.99968
5.53867	0.677573
5.44469	0.777124
5.16789	0.647191
4.53607	0.776084
5.04149	0.947891
3.86144	0.369132
3.70084	0.464435
3.54699	0.292435
3.69385	0.634572
3.83557	0.601908
3.91885	1.09876
3.97529	1.14406
4.14314	0.795823
4.13576	1.06121
4.21413	1.46485
4.23633	1.73996
4.19661	1.70637
4.15477	1.89584
4.02299	1.71205
3.91553	1.84658
3.81594	1.62017
3.66314	1.58162
3.53812	1.32959
3.46361	1.25701
3.45675	1.1547
3.36683	1.15549
3.08972	1.04861
2.95248	0.815328
2.9796	0.530791
2.99281	0.596517
2.83361	0.731628
2.99065	0.678426
2.78756	0.585215
