-40.2127	30.4046
-42.9385	29.3958
-42.7336	29.1477
-42.6773	30.3314
-42.1633	27.5896
-41.5173	27.8298
-41.0318	30.2842
-42.1098	27.4908
-41.5447	26.8383
-41.8852	30.9105
-40.95	32.1983
-42.1458	27.887
-41.043	27.3667
-41.2458	30.1452
-43.6699	23.8018
-55.1543	14.6688
-58.7327	15.0297
-60.1768	13.0116
-62.0401	10.5688
-63.1619	15.0946
-63.1435	13.2201
-62.8453	8.62251
-63.3007	16.6372
-62.7448	16.408
-61.1389	14.7176
-60.6853	11.2478
-61.716	16.6917
-61.6337	14.6265
-61.2961	10.5843
-62.121	19.6855
-62.2694	16.685
-61.9913	13.9524
-62.4344	15.3181
-62.0819	14.3819
-61.9096	14.9773
-62.1846	14.8535
-66.0355	17.4154
-68.6879	12.6805
-68.957	17.8123
-69.047	18.473
-68.9307	19.506
-68.8726	21.9295
-68.3505	14.0518
-69.2591	25.3155
-68.491	21.4155
-67.7345	20.774
-65.9827	15.0365
-60.8307	16.2887
-61.6395	16.2304
-64.8146	19.9277
-65.9959	17.827
-66.3167	20.5275
-65.7908	21.9053
-65.0249	14.8798
-64.8378	20.6781
-64.2873	15.42
-64.4233	15.8761
-63.4817	21.3887
-57.5633	13.6805
-55.1491	13.5976
-57.202	16.7716
-58.1664	9.52664
-60.1226	18.0409
-60.1651	15.3845
-60.0117	12.0423
-60.4295	15.8261
-60.5476	17.6616
-62.0037	13.44
-64.9431	16.9251
-66.1465	18.9875
-65.9304	15.1953
-65.8853	16.3817
-65.6647	17.1313
-65.0935	16.3022
-64.58	18.1757
-62.5377	17.2726
-59.4602	15.8793
-57.1835	18.4207
-54.1644	12.261
-55.7633	15.6665
-56.734	15.0591
-58.411	15.1475
-59.1123	12.4093
-61.247	17.9798
-62.1071	14.8297
-63.265	12.8656
-64.8793	22.0035
-64.3704	20.2297
-62.8204	17.108
-59.4352	13.8291
-57.2497	12.1117
-56.6415	13.2361
-55.4502	9.90403
-54.2768	9.0327
-55.5862	12.1951
-54.5642	14.3828
-52.1935	16.0574
-52.3256	24.0546
-52.4372	22.9031
-52.2279	28.9449
-51.2047	20.9912
-47.2279	17.1402
-43.2435	25.1585
-44.6776	26.1317
-49.0873	13.4651
-57.1758	13.5464
-59.1354	13.618
-60.1608	14.9463
-64.4352	21.6481
-65.9305	21.5093
-64.0387	22.4176
-61.444	14.7345
-59.7371	14.0386
-57.1796	12.9721
-54.2939	10.6591
-51.401	10.1694
-49.7175	10.479
-47.8335	19.5063
-46.3993	26.1674
-46.092	29.1215
-45.711	23.6008
-45.6924	30.1064
-46.9024	29.5381
-47.6384	27.114
-48.8189	30.8101
-48.9779	33.0969
-48.0797	21.7609
-48.213	26.3656
-46.9476	23.3331
-44.4697	25.5329
-42.2792	26.3152
-41.2908	30.01
-41.9779	27.7516
-41.4091	24.2594
-42.0132	17.6527
-43.1339	15.3453
-46.4624	14.8406
-48.4096	17.88
-58.966	18.3763
-64.6703	20.8846
-57.0395	17.1993
-50.3452	12.2176
-57.9575	22.3221
-64.6892	21.4012
-67.0189	18.1567
-67.1326	17.2885
-67.2459	18.643
-67.0795	18.6624
-67.0162	19.4024
-66.6054	18.246
-66.3617	18.4464
-66.5223	19.7006
-65.529	17.6646
-65.7502	19.2001
-65.7027	20.3602
-65.4164	21.3245
-64.3142	18.8085
-64.8181	17.2232
-64.6707	17.6108
-63.8075	16.502
-58.2804	11.9619
-51.3857	10.2504
-50.3385	13.7446
-49.9684	14.3384
-49.9353	14.2867
-48.9505	14.29
-47.4395	14.8676
-47.9513	19.3699
-50.6362	23.9969
-47.8305	20.0978
-48.6953	22.1741
-48.2859	19.1813
-48.0784	18.4137
-49.5067	17.0547
-52.019	15.1116
-54.0316	13.3571
-56.4993	15.4608
-58.9002	23.9382
-58.6191	15.4502
-56.3986	12.9062
-58.5718	15.9367
-64.3854	21.4809
-59.8832	25.8622
-54.5344	16.159
-52.1861	19.3958
-54.4673	14.9185
-52.9528	19.275
-51.6253	16.3775
-50.3111	17.1176
-49.5625	19.458
-48.0701	17.1598
-47.0329	19.2805
-46.6208	21.3151
-45.5125	22.6438
-44.9567	23.9328
-43.25	28.0589
-41.7694	31.6326
-42.1456	32.4619
-41.8642	30.7237
-42.7805	29.6955
-42.2519	31.0253
-40.4893	31.6966
-41.5864	28.5893
-42.0392	30.716
-41.492	28.1433
-40.3491	22.6204
-40.4295	30.4798
-40.8329	29.8404
-39.9286	31.5365
-39.5548	31.6232
-39.6996	29.2347
-41.3128	26.9281
-41.344	24.9318
-40.3273	24.6698
-38.6867	27.7083
-38.8013	29.0624
-48.1111	20.3449
-58.8612	28.8828
-60.7686	19.8645
-65.0524	20.5622
-65.6135	20.7008
-60.5937	15.5125
-58.7312	14.1894
-62.6711	15.0058
-65.4005	18.9075
-66.7339	19.9175
-67.0164	19.7423
-67.29	17.7996
-67.5119	17.7883
-67.5586	20.6142
-67.3646	19.9311
-66.1699	16.7421
-66.0945	21.6402
-64.4856	17.2427
-62.5286	15.226
-61.357	14.4957
-60.9939	16.831
-60.4148	18.4461
-59.6974	15.2906
-60.204	15.7979
-61.4971	15.9219
-62.9765	15.0469
-64.4613	16.0525
-66.4035	21.7919
-67.8455	22.7447
-68.32	21.1381
-67.9465	20.6639
-66.8631	17.187
-65.6891	19.4672
-64.4075	12.3563
-63.6167	13.9678
-63.7544	17.28
-63.6968	16.2638
-60.9521	18.8269
-55.2867	15.4704
-60.9991	14.793
-64.7924	18.4807
-64.5997	22.9914
-60.9329	13.0275
-65.2454	20.7596
-67.941	25.6323
-67.5635	18.7242
-68.1003	22.3237
-68.8165	15.9366
-69.2345	20.4535
-69.5066	20.376
-70.2507	28.1899
-69.9756	23.2848
-70.0968	18.0662
-69.9384	21.0061
-69.9118	23.1652
-69.4706	19.4888
-68.7596	20.3357
-67.5967	19.4297
-66.8715	24.3146
-65.8378	19.9903
-65.6349	19.6866
-64.1537	21.336
-60.5677	16.3185
-60.1852	16.3521
-60.3201	16.944
-60.2152	17.2973
-60.1725	14.4554
-61.5753	18.2868
-64.7701	23.5197
-65.4783	20.6355
-65.326	19.3785
-65.3564	23.8647
-63.5504	19.9235
-60.1729	16.3817
-58.7702	16.6694
-58.3192	16.7135
-58.069	17.393
-56.8478	12.3703
-55.4904	13.1595
-56.2512	15.7188
-53.8689	13.7679
-49.938	14.6621
-44.5328	16.1355
-43.6324	24.3789
-43.2375	22.7613
-57.4219	31.3259
-62.4405	30.5481
-57.2312	15.7367
-64.2023	23.282
-67.4432	27.6838
-64.8624	17.6075
-66.3485	19.681
-60.6255	16.9029
-52.698	12.7102
-49.0753	13.155
-48.2364	13.5642
-51.9494	20.6168
-56.5103	25.1002
-56.079	25.0906
-55.6592	12.6515
-62.7272	16.0466
-65.3931	21.5565
-64.8099	18.1907
-64.4254	20.3476
-62.1985	18.2526
-56.9261	14.4865
-49.0313	13.8768
-46.3411	14.9094
-46.9633	18.5051
-54.6334	27.5917
-54.5827	28.1399
-49.5463	27.4672
-50.9458	16.1586
-61.3727	15.0181
-63.8266	17.5928
-63.6606	17.3591
-61.1488	14.3879
-56.9834	10.8563
-54.7237	13.8943
-52.6661	17.5997
-50.931	25.093
-49.6853	24.6989
-48.9129	29.0068
-49.219	30.0366
-49.5905	26.4013
-48.6256	28.4086
-48.9473	31.7553
-50.693	21.507
-56.8202	17.8567
-60.7406	16.3097
-62.4349	18.4901
-62.1949	17.8872
-61.6822	17.7844
-57.1368	13.5767
-52.6711	11.7116
-50.5531	16.3378
-48.7183	27.9732
-46.9019	27.7693
-44.5203	29.0681
-44.6953	30.6247
-43.1295	32.8738
-42.2731	28.7435
-43.2372	28.4488
-45.7775	20.7846
-45.6698	23.8005
-49.9225	15.5652
-59.9803	16.1314
-63.2511	18.0306
-60.8387	17.9379
-60.6897	17.2207
-58.8176	16.2299
-57.4143	16.734
-57.1535	14.9589
-56.9307	13.9456
-56.645	12.5061
-56.4499	12.8196
-56.9534	14.0118
-57.4935	15.0323
-57.3134	14.1948
-55.217	12.0947
-54.6652	13.8033
-53.6666	11.2746
-53.0276	10.4435
-52.7205	11.8568
-51.3599	11.0882
-48.5915	8.98551
-47.1349	10.5853
-46.0556	13.3991
-47.0936	18.6722
-56.3117	30.5017
-54.0676	33.2938
-49.8402	30.5241
-48.9205	19.9372
-55.5077	15.1505
-60.9846	17.9831
-61.6516	17.596
-61.6119	18.0193
-58.8548	19.5221
-53.6519	14.6608
-57.551	16.0625
-60.1805	17.9872
-57.435	16.2557
-50.4869	12.0737
-44.6739	17.0727
-43.8408	20.9049
-43.0651	23.8907
-43.8956	27.1766
-49.7191	29.0871
-54.7338	25.6689
-50.4022	15.569
-60.278	18.3162
-63.8298	16.8206
-64.8883	18.4886
-65.5063	20.3477
-65.5627	17.2476
-66.3168	22.097
-65.7847	20.874
-65.2444	17.8722
-64.2942	18.4706
-61.8635	16.4462
-57.9466	18.0996
-56.2374	17.6701
-54.6935	16.6119
-53.4833	15.3968
-52.167	16.4226
-51.6273	15.185
-51.7151	15.6933
-50.1266	14.7557
-49.3105	13.8308
-47.286	15.6515
-45.073	19.7461
-43.9007	21.5811
-43.7631	17.697
-43.9646	17.1541
-38.3399	29.726
-40.7598	31.6253
-41.5596	28.6637
-41.3613	31.9082
-40.2995	29.8114
-41.0338	29.5144
-40.8757	29.1722
-41.7735	29.8637
-43.2212	27.9831
-42.5218	30.5192
-46.0453	23.1516
-60.4816	19.3673
-66.7882	18.5142
-67.6271	19.0668
-65.7153	20.472
-63.3253	12.8805
-61.2448	12.2428
-58.9179	14.233
-56.7422	13.6293
-56.4124	18.1065
-54.3015	20.5435
-54.0842	28.5676
-53.5025	24.2276
-54.3001	28.5418
-54.6042	24.7721
-56.3001	24.9911
-56.9664	21.7236
-55.6348	22.0659
-55.891	24.8649
-55.3549	23.619
-55.0192	25.1471
-60.3093	18.4332
-66.6688	15.163
-67.615	17.9389
-67.7133	19.8009
-67.0808	16.7417
-65.9062	21.5968
-62.4806	11.369
-59.0073	17.61
-54.8633	16.2292
-53.1701	23.1203
-50.7807	25.8737
-50.47	24.9673
-49.7735	29.2753
-52.4824	16.5267
-60.212	20.9062
-63.6569	19.2162
-65.0755	18.6121
-64.2138	16.5609
-61.7593	17.7241
-63.0385	17.7867
-63.2887	15.2415
-63.0547	17.9111
-62.3395	16.5345
-61.4406	14.6539
-60.9276	16.3873
-60.0513	10.9366
-65.3163	17.4021
-68.492	20.855
-68.32	17.5732
-67.4779	15.4272
-66.4215	17.7176
-64.4172	17.4944
-59.8327	13.921
-53.0292	10.0298
-48.9816	15.4342
-47.2555	15.655
-49.583	21.8482
-51.7191	20.1033
-51.8991	11.0873
-60.3777	16.966
-62.3811	12.5121
-62.4523	13.2793
-62.1932	14.009
-61.6756	13.7907
-60.1233	10.3365
-58.3395	11.3199
-56.4053	11.4184
-54.7658	11.7217
-54.3198	18.348
-53.3255	21.8839
-52.9634	29.5019
-52.4708	30.0694
-51.0937	24.9452
-52.5899	24.255
-54.5803	30.0365
-55.6529	27.8385
-53.9003	15.2014
-60.4126	15.5337
-64.0047	16.6611
-64.8067	17.7693
-64.8307	16.6942
-64.5806	15.6453
-63.8881	16.2664
-61.9235	14.8571
-59.5558	12.814
-56.8701	8.78439
-56.3689	11.2085
-56.8265	10.3687
-56.6948	8.39375
-58.3911	13.9871
-58.9588	12.4829
-60.0454	14.5661
-60.7775	14.1711
-62.2441	16.8088
-63.3384	19.7184
-57.054	14.4818
-51.2361	15.0064
-54.7624	24.1737
-52.9356	19.123
-57.5725	16.4226
-65.7159	20.0695
-67.8434	22.0877
-68.4851	23.4122
-68.539	22.3056
-68.3929	19.7208
-67.9576	15.966
-67.7075	21.5617
-66.3917	20.0334
-64.8595	16.4545
-62.4892	12.5901
-60.8305	13.9726
-59.5388	15.8157
-57.9105	15.5206
-56.1674	12.313
-55.3547	14.1697
-55.1927	14.0312
-55.0942	16.765
-55.0426	13.7089
-54.6145	10.7969
-55.061	12.0146
-55.0517	11.6279
-55.1783	12.4498
-54.2243	12.3325
-53.1468	14.6869
-52.1008	18.417
-51.3681	26.3621
-50.1147	29.467
-50.6208	32.3673
-50.4653	28.8279
-51.2917	37.1625
-51.306	29.7344
-49.5067	28.6813
-49.3468	27.5777
-49.1775	30.2853
-48.6745	25.798
-49.3226	24.2351
-56.476	9.11617
-62.93	17.4786
-63.7482	15.089
-64.6732	15.5616
-64.0477	15.5264
-65.5036	17.899
-63.5981	21.6221
-65.4471	20.4201
-61.0653	18.1803
-62.7422	21.7462
-60.2738	19.1666
-58.7454	18.2099
-56.8796	19.2171
-53.7021	17.7367
-51.3005	19.8408
-48.8896	19.4533
-46.6702	20.7378
-46.0928	21.0445
-44.7557	24.4554
-45.1355	24.0785
-44.1741	27.1152
-41.9937	25.782
-41.9082	26.7753
-42.3851	29.1841
-42.03	29.2243
-41.862	29.2701
-41.5939	31.0985
-40.4751	31.7619
-42.9771	22.5191
-41.4973	25.0965
-41.2324	27.0137
-41.3835	31.8391
-41.2239	29.7187
-42.0149	29.665
-42.2297	28.9387
-41.3431	28.6839
-43.2575	22.7967
-47.225	17.3074
-49.6167	10.1801
-50.7621	9.07347
-50.9715	9.23928
-51.4538	12.9422
-50.4451	10.5861
-51.5821	10.5016
-56.3745	16.3007
-55.9504	15.0272
-55.8459	13.9325
-56.884	14.3355
-56.969	12.9539
-56.3431	12.7083
-55.2576	12.9878
-54.4171	12.536
-54.2483	16.533
-52.3823	18.1394
-52.2901	21.0807
-51.9709	24.927
-51.1277	26.4682
-51.7972	28.4797
-51.131	32.0157
-51.087	30.9575
-50.8162	29.0208
-51.4171	28.1664
-53.5557	15.0475
-62.0023	17.061
-65.6502	19.5604
-67.1172	24.1421
-67.5079	23.9789
-66.7233	14.9322
-66.7121	16.3355
-66.1278	16.5368
-65.8869	20.6864
-64.334	16.6371
-61.3254	9.73244
-60.1963	13.1724
-59.6338	13.4998
-59.9329	14.6981
-59.9361	14.8008
-58.988	9.64845
-58.967	13.1077
-58.6379	11.6049
-57.6594	9.17927
-57.9728	12.0269
-57.5032	12.9412
-57.294	16.3921
-53.587	14.4538
-55.8376	23.3069
-53.6439	23.0747
-56.3277	17.9581
-58.7449	17.2504
-55.2992	18.3104
-53.4836	21.2556
-54.6748	21.9674
-60.0362	21.8234
-66.4274	24.4125
-69.9074	21.1525
-70.3611	21.8645
-70.2373	20.3404
-70.2387	21.7806
-69.6384	18.3394
-68.8454	17.6497
-67.4568	19.4074
-64.7016	19.2039
-59.3458	14.605
-55.8735	19.7593
-55.5721	24.1585
-55.4101	29.5291
-55.3988	28.6198
-53.574	26.8138
-52.9278	23.6083
-55.135	20.0836
-62.0725	17.4947
-66.9044	24.6488
-66.2075	22.1867
-65.3482	23.5809
-62.539	20.8212
-56.1554	13.7113
-51.9291	15.2126
-49.1835	15.7213
-46.8471	21.4224
-46.6359	21.8728
-52.3967	28.2178
-55.7693	30.1182
-55.109	17.3761
-66.098	21.1402
-68.8233	24.8441
-68.0651	22.3224
-67.6302	22.1432
-66.4363	20.2854
-63.074	17.8916
-60.5432	13.9308
-60.0781	14.7434
-60.232	15.151
-59.8721	17.048
-59.5198	14.3529
-59.7409	18.2692
-59.3184	16.8526
-59.803	13.6955
-60.2631	12.6987
-59.7286	12.1412
-60.0975	14.5305
-59.7108	14.019
-59.0855	12.338
-59.1557	16.1311
-57.0887	12.5742
-54.6077	10.2374
-53.9297	10.8336
-52.6577	9.57807
-51.3668	7.13712
-51.0576	9.56214
-49.8007	9.55197
-48.2701	9.18265
-48.1785	13.9495
-46.8643	11.8382
-47.3202	14.7121
-48.389	21.9473
-53.6446	34.5785
-51.8881	30.3551
-55.426	26.9097
-55.1907	27.1827
-53.428	18.6004
-56.3048	7.7188
-64.4379	19.3754
-65.1041	17.9723
-64.905	16.8915
-65.2077	19.0807
-64.7463	19.9875
-63.2426	19.7589
-56.2271	13.3486
-49.4653	15.2794
-46.41	18.421
-44.1478	26.5134
-44.4665	25.5526
-44.1285	24.1134
-43.8004	26.3835
-43.1267	24.3107
-43.3376	21.7011
-51.4725	31.7511
-53.4071	24.2841
-55.2717	19.0879
-62.049	20.9956
-65.8024	17.627
-67.8547	25.8343
-67.6	20.9622
-66.6241	17.9886
-64.7187	19.6608
-61.8016	17.218
-56.9375	15.4601
-53.3708	20.2375
-50.5038	30.353
-49.1827	29.417
-48.3031	26.9782
-48.4404	30.3894
-48.2267	29.9798
-47.1405	27.9109
-46.7596	32.6069
-47.2397	29.0787
-46.6704	28.81
-49.2376	22.0568
-51.2743	29.585
-52.5848	29.4353
-52.8244	19.2196
-58.4368	18.6455
-56.0626	18.3055
-53.0348	19.0294
-55.5175	17.0016
-60.4712	13.8957
-62.3825	15.4126
-60.9456	14.5345
-59.927	12.5052
-59.3613	11.9739
-58.3854	11.8872
-57.376	10.0983
-56.8481	9.27074
-56.8045	9.03162
-59.0287	12.1827
-61.7684	15.6519
-63.5074	15.9387
-64.7278	17.1025
-65.6152	19.4975
-65.575	20.1301
-64.9201	22.1906
-61.9575	18.1206
-62.8468	19.471
-62.068	18.6402
-61.4902	18.8659
-60.6552	15.6759
-60.789	17.5191
-60.4161	17.7889
-59.9601	17.7049
-59.0416	16.4986
-54.7691	14.672
-47.5629	18.5348
-44.3641	25.1797
-43.6451	24.7364
-43.9654	20.3676
-43.5625	22.3609
-44.1218	25.93
-43.2809	24.6429
-45.0044	27.1589
-49.9402	31.982
-44.7901	34.2968
-42.7105	33.4912
-45.1379	32.4844
-47.8616	32.6283
-49.1206	30.3619
-49.4092	30.7454
-49.8181	33.3118
-48.7474	25.5629
-47.9808	30.5912
-48.064	34.6128
-48.9274	34.1349
-50.0957	25.1643
-48.3438	28.0937
-46.6192	30.0135
-44.514	26.261
-44.2446	28.717
-42.8908	27.5824
-42.1227	29.2817
-42.0399	31.7544
-41.3295	27.4433
-41.9349	29.0848
-41.4518	26.6369
-41.3228	31.6267
-41.0608	31.3978
-41.5836	30.0948
-40.5021	27.1337
-41.5721	26.2861
-41.5039	29.0928
-42.9515	21.4494
-43.1096	28.6182
-43.2923	31.6054
-42.7727	28.9528
-42.0655	30.8455
-42.2074	28.2513
-42.5632	27.2478
-43.153	27.027
-42.4449	29.1965
-42.0504	31.5101
-44.0385	27.7406
-47.0156	19.5139
-50.9955	11.701
-52.4432	9.74767
-52.9402	11.3044
-58.2394	14.7651
-62.9911	20.2154
-64.6328	15.5048
-66.0058	11.8684
-66.9122	16.0386
-66.4751	14.5836
-66.53	13.9998
-65.4146	16.4819
-63.6945	12.7719
-62.0016	10.3483
-60.0405	10.7617
-57.8131	13.8185
-57.5813	17.8197
-56.9009	21.7817
-56.1071	20.8846
-54.5167	18.6144
-55.245	23.9397
-55.2235	22.3595
-55.1671	18.1007
-59.2379	17.4098
-62.1504	14.0877
-63.8711	17.3803
-64.943	13.9723
-66.3307	15.2822
-67.5482	19.837
-67.2684	16.0095
-66.9004	16.1199
-66.32	16.1104
-65.312	19.2767
-63.012	15.1506
-61.2306	15.1082
-59.1974	10.1359
-59.6868	14.6703
-58.039	10.0051
-57.6312	14.4992
-56.4337	10.2692
-55.1961	11.6261
-54.9431	12.8519
-54.765	15.3041
-55.1509	15.8112
-57.5583	13.8292
-59.9443	16.9411
-60.7278	16.3493
-62.4739	14.8371
-63.516	15.1981
-63.7187	11.6588
-64.052	14.9395
-63.6415	14.9388
-62.5581	12.0991
-61.2266	13.9546
-59.1995	14.8207
-56.8448	15.8087
-55.0399	24.9051
-54.7209	27.8512
-53.7134	32.2407
-52.568	31.8967
-50.2932	30.2114
-50.9505	27.9539
-51.8599	24.2099
-50.5126	22.259
-49.4583	25.5986
-46.9957	26.9652
-44.6495	23.8051
-45.1453	23.769
-46.8732	25.2143
-59.4334	17.6115
-68.3273	21.9212
-67.2305	22.5793
-62.3108	20.4345
-64.0242	22.5332
-66.8878	22.0214
-67.7449	18.4021
-68.0543	15.6477
-67.7556	16.8954
-67.8378	22.8783
-66.336	16.5863
-65.4326	20.848
-63.223	16.7998
-60.7811	10.9433
-59.5701	16.3579
-57.6959	13.2097
-57.4108	20.1886
-57.2737	15.8023
-56.8794	16.224
-57.1451	12.6007
-57.6612	14.2743
-56.8378	15.145
-56.656	14.3662
-56.7557	14.631
-59.0787	17.7247
-61.2758	12.2745
-63.8165	14.5316
-64.8768	14.746
-64.8311	12.9015
-65.4038	15.4852
-65.2621	16.7897
-64.468	16.1036
-62.3672	13.9395
-59.1561	12.0316
-57.1043	12.6599
-55.8569	14.9792
-54.3395	11.5498
-53.2458	11.298
-53.4193	13.1903
-54.4549	14.7695
-56.3167	12.9057
-60.9277	15.2354
-65.1536	19.3825
-66.0917	17.8244
-66.5077	19.3313
-66.6009	22.2913
-66.549	21.9796
-65.3592	18.8673
-63.5374	20.2747
-57.2641	12.244
-56.1909	12.3511
-55.5261	10.9003
-56.1406	11.6664
-56.2125	11.1782
-57.0171	12.156
-59.6487	15.0027
-61.6199	17.5111
-62.6472	17.8025
-63.676	19.1873
-63.9743	21.7811
-62.1537	18.8298
-60.4733	15.934
-60.0368	20.2572
-58.6675	15.0917
-57.3304	14.9613
-55.8442	17.0457
-54.0993	16.5739
-52.3135	16.1612
-51.4099	19.4261
-49.0018	21.9547
-48.4749	22.3552
-47.9938	24.8229
-46.6312	27.7417
-44.6351	26.007
-44.8182	24.2521
-44.0884	26.2464
-44.2203	25.8043
-43.1917	31.9977
-42.5261	30.616
-42.6569	30.6082
-42.2994	33.928
-42.2392	29.3019
-43.6322	29.2735
-43.2274	30.7331
-42.062	32.6087
-38.932	25.4284
-40.9456	28.3187
-40.1499	25.7723
-41.343	25.6588
-40.9206	29.2241
-40.5433	30.8929
-40.0314	29.37
-40.2808	27.1567
-40.1357	27.9415
-40.5456	30.2057
-39.7361	28.8485
-40.8372	27.9783
-41.741	24.0242
-54.358	33.6579
-57.7586	32.0755
-53.0943	24.1656
-51.9605	18.4222
-56.1403	15.11
-58.6308	12.2668
-60.1184	10.2811
-61.5874	17.3593
-61.4285	11.9024
-62.2393	13.3408
-62.0592	10.8744
-62.6644	17.4287
-62.7281	16.6666
-61.8037	13.1568
-59.9294	13.5463
-59.0875	16.3091
-58.5904	14.6964
-58.4762	13.1835
-58.3636	13.4203
-58.1898	11.7027
-57.7417	11.8118
-56.8691	11.6919
-60.785	14.3387
-65.5041	21.0041
-67.0921	19.8455
-67.631	25.5875
-62.3913	19.9674
-64.7556	21.3142
-68.9991	23.4523
-70.0752	23.3759
-70.0998	19.1545
-69.9366	23.665
-69.6088	25.1595
-69.4871	22.9889
-69.647	20.6844
-70.3203	31.1007
-68.8757	20.4192
-67.7466	20.952
-62.5602	21.4106
-53.4862	7.36903
-52.1934	17.9097
-49.7911	16.7964
-48.1772	22.8974
-45.6416	25.3481
-46.0567	26.3905
-44.6377	32.2402
-44.22	26.7739
-46.0075	27.0151
-50.1177	28.9402
-54.5591	18.5601
-63.8481	19.5076
-66.5456	22.5433
-63.6465	19.8785
-60.9174	18.1927
-65.0651	17.8236
-66.6273	21.4123
-67.4884	22.9003
-66.8514	21.9
-67.3887	20.5502
-67.5676	22.2159
-67.3645	22.6577
-66.9358	18.9995
-65.0869	21.1563
-65.3516	17.4299
-65.2033	20.3743
-63.8711	19.2687
-62.83	16.8022
-56.2363	15.9924
-48.6105	14.6049
-46.4715	24.9946
-45.6141	24.3568
-46.3436	24.8972
-44.0109	24.867
-46.7109	28.2005
-52.2844	30.6913
-52.8355	30.5466
-54.3116	29.5813
-48.3408	19.8263
-49.5934	25.5475
-51.5336	14.7308
-58.9178	17.0917
-60.8359	14.8668
-59.4999	13.3383
-60.1935	14.8637
-60.9067	18.0085
-61.1475	19.801
-60.6658	17.5531
-60.1587	19.6069
-59.7578	22.995
-58.5742	17.0368
-59.6357	16.8497
-62.6111	19.0548
-63.9641	19.1295
-64.1006	17.7097
-63.3134	15.1003
-63.2295	16.4465
-61.5333	14.4773
-57.9262	13.5634
-55.0707	12.4056
-52.9671	16.651
-51.0063	20.2703
-49.0549	25.3786
-47.1197	35.2123
-47.122	32.9968
-47.3178	32.4056
-45.7013	31.7233
-46.6859	28.6097
-48.6025	32.5296
-48.5196	28.4634
-47.966	25.4475
-53.1788	16.9159
-62.662	17.9678
-65.5244	18.4945
-65.4893	15.1915
-65.5004	19.5717
-65.147	18.1782
-63.7077	12.1374
-62.7295	14.8356
-60.616	18.7261
-57.1358	16.9733
-57.6834	19.4974
-57.8499	17.283
-54.9514	12.8167
-49.8561	12.86
-45.7237	21.5014
-43.935	24.1908
-42.4514	24.8565
-42.2853	24.6681
-41.49	29.8206
-44.7625	14.0862
-52.5819	32.3276
-52.0155	30.1588
-56.2668	27.524
-55.2703	26.0274
-51.9612	14.0508
-60.9667	15.8797
-64.3299	18.2301
-65.0461	18.6096
-66.0206	22.5478
-65.4798	18.4542
-66.2295	26.0197
-65.2383	21.4542
-64.6009	18.8036
-64.8603	21.3501
-64.3262	19.0699
-63.2277	22.7029
-57.4845	17.9701
-51.6552	13.6172
-51.2395	15.0823
-53.7513	14.701
-57.9271	17.1897
-59.0746	20.0351
-59.0793	16.1277
-59.5787	19.8586
-56.2178	15.39
-56.4628	16.2819
-54.3635	14.6494
-53.4025	12.8061
-52.8981	12.3256
-52.7601	16.151
-51.5138	13.6823
-47.0773	12.2943
-43.6563	18.348
-41.7391	22.3954
-41.8179	25.4196
-41.2836	25.3111
-41.4969	27.1318
-41.7182	31.5876
-41.0294	28.8461
-41.0353	33.0167
-40.1703	32.6264
-40.9068	29.8221
-40.3758	31.3893
-41.6883	29.0913
-50.9696	31.2267
-51.1022	26.6588
-53.8621	28.6815
-51.021	28.4873
-44.9242	30.6271
-45.5135	29.4271
-44.9539	24.332
-42.7461	25.2766
-41.6419	30.186
-42.1343	28.7879
-42.3596	31.8836
-41.2515	31.0477
-40.6661	29.6175
-40.9784	27.9156
-39.7789	31.7586
-40.0182	33.1932
-40.2308	29.6975
-39.9709	29.9039
-41.0622	24.1329
-41.1104	28.2706
-41.1016	31.0944
-40.5976	29.4045
-40.4305	29.3577
-40.6839	27.2705
-40.9394	28.0885
-41.1509	26.2741
-43.5112	22.7925
-46.6471	25.3981
-48.1513	21.7708
-50.2733	22.4562
-49.7991	21.2849
-58.4037	22.0232
-67.924	24.2291
-70.4519	18.17
-70.8617	26.9107
-69.2164	25.5316
-64.196	11.9192
-58.3673	21.814
-51.3828	14.7728
-49.057	16.3989
-47.4756	18.1037
-46.4791	24.205
-46.6198	12.1376
-55.4747	35.0977
-57.6669	30.5223
-56.5989	12.4976
-63.8278	16.4863
-65.6124	16.7625
-65.2982	15.4787
-65.0651	15.9768
-64.1473	16.0714
-59.8997	15.0248
-53.8303	15.188
-50.3915	15.1457
-47.9147	12.5085
-48.6371	17.2428
-51.2296	20.4255
-54.2848	26.4894
-55.3986	23.1145
-58.8133	17.8382
-64.6674	22.0463
-65.0959	20.0267
-64.7763	19.9377
-63.7849	14.0063
-63.2877	16.5094
-61.6689	16.2537
-60.0655	16.0341
-57.8217	15.0588
-56.1455	13.1213
-53.8266	14.7625
-51.6816	18.1174
-49.169	17.6951
-53.1367	26.0421
-53.1347	25.7722
-52.3011	20.2232
-54.6286	16.9744
-53.9353	16.3877
-54.7795	10.0485
-55.709	13.5614
-56.6297	14.0835
-58.037	13.2021
-58.0137	18.5491
-57.153	10.4245
-56.4239	8.07638
-56.3697	11.9258
-56.446	13.8275
-56.2879	11.2354
-55.9719	12.2732
-55.3678	11.9698
-54.4729	10.1684
-53.5674	8.27296
-53.6242	11.7999
-52.5194	10.9374
-48.9145	13.5956
-46.9166	20.3
-47.569	21.3375
-46.8872	24.7809
-47.6203	27.3993
-48.0045	28.4106
-49.6903	29.6293
-49.8762	30.0863
-48.5154	26.553
-50.6529	20.4689
-57.1476	16.3878
-60.3781	16.511
-59.8288	9.56412
-60.7476	12.5452
-61.7057	15.517
-61.9467	16.1834
-61.7095	14.4378
-62.2392	16.7374
-61.8252	14.1309
-62.1095	14.6619
-63.0251	18.0383
-63.4194	15.9537
-64.3078	16.1374
-65.466	20.2857
-65.7615	18.1964
-66.023	20.2323
-66.355	23.6889
-65.6688	15.661
-66.2605	23.4655
-65.7251	22.5803
-63.6797	19.8178
-60.238	17.4652
-59.1258	18.4186
-58.7893	17.864
-58.6163	15.0879
-58.7697	16.9426
-58.3861	13.3766
-58.2365	17.1203
-58.91	17.6036
-58.8602	14.1047
-59.0101	16.4337
-58.902	14.1441
-60.1323	17.5838
-63.9345	21.1013
-64.8024	16.8395
-64.0295	19.2438
-63.1905	17.7118
-61.9819	15.7477
-60.2562	16.9114
-57.9284	12.9158
-55.7872	12.4065
-54.8921	16.7079
-52.6268	17.7395
-51.0692	16.5925
-50.7112	17.043
-51.1171	15.7809
-53.4413	15.3521
-56.7084	16.3386
-59.5569	12.6036
-61.91	18.1979
-62.6691	15.8651
-63.3251	18.7195
-63.6372	17.1757
-61.5284	15.2438
-55.4488	19.5779
-55.7356	17.299
-61.0296	14.5219
-64.2726	18.3325
-65.1232	16.5991
-64.8729	14.9024
-64.8258	17.1291
-64.4298	16.5266
-64.2174	17.868
-64.2776	16.4759
-64.0191	15.7011
-63.6604	14.7212
-63.1814	13.4349
-62.7052	14.5734
-61.8848	16.1793
-61.7308	14.8322
-63.109	14.9939
-64.4167	16.7204
-65.7723	18.1575
-66.9937	20.0826
-67	19.7936
-66.9368	21.2603
-67.0624	22.1565
-65.9751	18.9934
-65.2534	18.7295
-64.0847	16.8216
-62.1195	13.4411
-59.8391	12.5555
-57.1698	14.1518
-55.8338	17.7624
-53.4433	22.9618
-49.6479	22.5998
-50.1446	24.6496
-49.0662	28.7016
-49.3951	30.9477
-49.0494	31.0517
-47.8365	32.1575
-47.9981	21.9575
-52.7074	11.9176
-56.931	12.3265
-59.3324	17.5952
-58.4567	16.7571
-58.4937	19.4467
-57.1955	14.7578
-56.3322	14.2725
-55.315	13.9086
-53.8234	13.9171
-51.8048	13.4327
-48.9338	12.2498
-47.2364	14.6302
-46.2957	15.9059
-45.6126	16.4803
-44.1257	21.8162
-42.7605	18.1072
-50.9612	27.2814
-56.8763	30.4617
-54.8925	18.3022
-58.0615	18.6642
-61.6717	16.8627
-61.0749	17.2183
-60.3242	16.7536
-56.8837	14.5215
-56.5114	12.6198
-56.3555	13.8301
-55.9565	12.3373
-55.1224	9.78644
-54.8192	12.3092
-53.4014	10.7244
-51.8934	10.6474
-53.5267	14.5374
-52.7056	20.1563
-48.1971	20.0316
-47.3206	26.9563
-45.6859	29.4552
-45.1863	29.6215
-44.2431	26.5368
-43.7011	31.3828
-43.2144	29.9411
-42.4988	29.009
-42.5055	26.246
-44.1747	27.4496
-53.7916	28.4638
-56.7626	20.6445
-61.693	19.6174
-60.2045	20.2776
-50.4433	19.9712
-51.1451	22.1325
-55.3668	18.1697
-62.2839	19.815
-63.9195	21.7342
-62.6051	18.3363
-60.5574	18.0786
-57.99	19.2625
-54.0961	17.2621
-52.176	21.8759
-50.8905	25.2395
-49.974	29.4596
-48.862	25.3959
-48.8825	25.099
-48.7266	31.2458
-48.5313	27.8081
-49.0699	26.2959
-50.0343	30.3566
-50.1788	29.5102
-49.8594	25.6159
-52.8457	17.5542
-61.1014	19.3019
-63.4698	21.8812
-60.4014	18.0912
-62.3832	20.0543
-60.0562	20.2543
-60.7137	21.002
-52.1091	18.9954
-50.132	18.6219
-56.9504	18.491
-59.3088	19.3782
-52.7086	16.2893
-51.0937	13.3702
-54.026	14.6172
-53.9649	14.7435
-52.6816	10.2627
-52.4335	11.5907
-51.2696	10.5886
-50.7959	11.8461
-50.754	12.2612
-49.5189	11.9417
-47.9761	9.89248
-48.5351	15.3883
-46.8523	15.9649
-44.3599	14.6334
-44.6336	17.7731
-50.694	29.447
-47.9885	27.7698
-44.5666	25.7466
-45.7752	31.4411
-47.2336	32.3192
-46.3671	28.2917
-46.9933	32.3034
-45.8459	29.1432
-45.8474	31.2474
-45.2586	28.4195
-44.0115	34.2305
-43.231	33.2759
-42.8633	31.6059
-43.1673	29.4652
-41.2707	31.1238
-40.34	30.019
-41.0454	30.4595
-40.9648	27.9811
-40.9993	29.8728
-40.0669	25.9769
-40.5214	29.2869
-40.2251	31.5319
-40.294	29.5805
-40.3281	29.5919
-39.426	30.944
-40.2667	27.9698
-41.6679	30.254
-42.4284	31.8853
-42.2101	29.309
-41.4782	25.7577
-42.5938	26.8558
-41.649	27.0658
-41.4932	28.6253
-40.9619	27.8485
-42.1	27.7861
-42.4335	31.9314
-45.1824	25.6128
-48.1841	21.6181
-48.6572	16.3691
-52.3274	14.4954
-54.8886	16.3682
-56.107	14.1452
-56.5124	11.0016
-58.7807	16.9419
-60.7809	18.2675
-62.3843	17.3889
-66.2007	17.4367
-68.2914	18.8722
-69.3204	19.3383
-69.4288	18.9613
-69.0731	16.3406
-68.3399	17.3033
-66.772	17.3638
-63.8134	16.1048
-60.5623	14.2667
-60.2116	11.247
-60.7129	15.1703
-60.4604	13.8405
-60.6589	10.3466
-63.0639	15.5527
-64.6028	16.59
-65.4203	15.7207
-65.3043	14.7536
-65.2774	14.6989
-65.3763	18.5497
-64.5081	15.4891
-62.6407	15.081
-56.5016	12.8697
-51.6623	9.84391
-50.475	12.6456
-49.51	14.4019
-48.5911	19.1332
-47.6576	24.1844
-53.0349	30.5752
-56.1007	35.5391
-57.5466	30.5081
-53.7923	19.6678
-60.844	13.2589
-64.8984	20.6433
-64.5535	16.2919
-64.7883	16.5211
-63.5998	20.7232
-60.6411	20.9256
-53.2172	14.5015
-49.7299	13.9935
-50.6925	17.8745
-50.9127	20.745
-49.4578	24.5452
-49.8874	27.6385
-53.6899	29.2627
-56.3984	25.9178
-60.939	14.8426
-67.3231	21.7408
-67.2654	22.6049
-68.2925	17.3477
-68.4693	24.2384
-67.7714	19.446
-67.0945	22.2746
-66.8383	21.7514
-67.6221	20.8109
-67.0995	23.6071
-66.0933	18.2058
-64.4522	18.4976
-61.3988	16.7345
-59.5988	19.3555
-59.0586	16.0068
-59.5482	16.3328
-59.1953	12.7026
-59.51	15.9035
-59.8837	16.5647
-59.3978	13.3413
-59.7599	16.0088
-60.1561	16.7056
-59.9437	16.1774
-59.8689	15.9068
-59.9374	16.1233
-59.5934	16.1489
-60.2538	14.1932
-62.7966	15.3849
-63.8457	19.1362
-63.6973	16.247
-64.6791	20.8272
-64.3073	14.3588
-64.6519	15.69
-64.4118	15.6506
-64.0191	14.943
-64.0588	19.8275
-61.6614	16.6995
-57.4442	7.79839
-54.2613	10.5682
-52.8031	14.5893
-51.0773	15.3011
-50.318	15.8734
-48.0317	15.2293
-48.0859	16.5313
-49.3014	15.8647
-52.5452	17.8406
-56.1617	12.4407
-60.4284	19.3278
-62.6303	17.427
-64.6621	16.6667
-65.7411	24.5239
-65.5122	20.8673
-66.684	22.9453
-67.3603	18.0669
-67.6143	18.5327
-67.4582	21.674
-66.7364	19.5735
-66.7526	16.4862
-65.7597	18.6594
-64.3441	17.1321
-65.1903	13.1809
-64.9867	14.9036
-65.3783	14.6652
-67.2131	17.4914
-65.8618	16.0776
-67.8588	18.0364
-65.7651	20.7127
-67.201	18.6716
-65.2184	18.1126
-65.8847	18.5834
-64.0453	15.0898
-64.7155	14.8988
-65.1723	18.0145
-65.4731	14.6566
-66.5331	20.1715
-66.6722	19.8717
-66.2649	19.0752
-64.7358	14.9446
-63.8135	16.1775
-61.8331	15.2648
-59.8081	19.1952
-57.8064	14.9414
-57.4064	16.5251
-55.9271	12.0925
-54.8935	10.6117
-53.6055	10.3973
-51.8952	8.1549
-51.5129	8.35533
-50.76	12.0055
-48.5976	14.7152
-46.5068	20.3327
-46.514	25.0922
-48.7904	34.0134
-48.442	32.571
-48.6793	26.1132
-49.3272	29.9847
-49.2689	29.503
-48.7033	29.3265
-47.493	30.2747
-47.109	25.7633
-51.0002	12.4668
-58.6022	12.5132
-62.0346	19.6841
-62.9146	17.9401
-63.5319	14.1421
-65.3236	21.2916
-65.0574	14.9822
-64.7529	15.9319
-64.363	19.7177
-60.9919	13.9247
-57.3552	13.6894
-54.2854	16.2636
-51.9878	20.9924
-51.5123	26.03
-50.1595	26.1993
-50.2009	31.9086
-50.6917	25.5096
-51.127	30.3064
-49.6109	24.5406
-45.1715	26.4028
-42.5089	28.221
-42.9571	25.8286
-42.769	26.8887
-46.3042	20.6971
-53.933	27.7745
-53.8139	28.7525
-57.9284	18.5805
-62.8619	16.7931
-61.7084	13.9754
-61.743	15.371
-64.4079	17.3965
-66.2831	22.245
-65.9549	19.9693
-65.167	18.3025
-64.7335	19.3513
-63.5426	18.099
-61.4816	16.5162
-60.6729	17.7139
-58.161	16.4555
-55.1853	15.386
-52.9108	17.1063
-50.6339	18.9584
-50.3588	25.2962
-49.3306	28.9782
-48.6518	29.5127
-48.0659	32.1145
-48.9834	31.1318
-49.2664	28.9881
-48.8115	29.974
-48.7369	24.842
-49.1637	20.7529
-52.8138	15.9549
-58.0658	13.8658
-57.9083	14.3062
-55.9557	12.3917
-53.4961	9.6585
-50.6256	10.2998
-47.2974	14.2011
-44.2487	21.7534
-42.6217	24.2024
-42.1129	26.2156
-42.062	28.0769
-41.8848	25.5749
-40.9917	30.0738
-45.5375	18.2334
-53.5766	29.1005
-53.3442	24.5914
-48.4346	20.6316
-50.8494	27.6314
-48.32	23.3312
-47.9559	17.2774
-52.6662	11.5552
-56.1558	8.38166
-57.0977	9.32496
-55.973	8.1502
-54.7076	7.39942
-54.5699	10.1657
-54.5613	12.9341
-53.8026	11.8269
-52.7304	10.9659
-52.0503	13.0149
-50.1707	11.9662
-47.2598	11.796
-44.5068	19.0911
-45.7854	25.3809
-56.958	29.3703
-56.9418	29.768
-51.6232	32.2757
-49.9859	27.2442
-48.4498	20.8448
-47.705	19.7952
-48.9614	18.7053
-53.834	11.9017
-58.9782	10.5514
-59.6029	12.2086
-62.6257	14.3211
-65.5097	16.2545
-65.9731	18.0997
-65.091	17.3726
-62.4976	10.5277
-60.2735	11.3299
-58.8275	8.84696
-57.2073	8.00088
-56.9181	13.9882
-55.042	11.3022
-53.8519	12.5822
-52.3674	12.3153
-52.0461	12.8867
-51.6232	14.708
-49.9634	11.5136
-47.9437	17.5266
-46.6154	19.4951
-46.6027	19.7707
-46.9323	16.8161
-47.3979	15.3359
-46.8048	16.2089
-46.9356	18.7771
-45.9289	21.6059
-43.8804	25.3277
-43.2771	28.9114
-42.6258	26.6233
-42.4806	27.787
-42.0077	31.5642
-41.6269	28.6666
-41.9438	31.9542
-41.7349	32.1932
-41.5383	31.1009
-41.5519	30.4033
-41.5219	31.7709
-38.0465	30.1264
-39.8284	29.8009
-40.2308	29.6777
-40.5236	30.6653
-40.949	29.5755
-42.0248	27.3994
-55.0746	26.118
-60.4536	31.3096
-52.4054	26.3293
-53.1747	21.6612
-60.5738	23.198
-63.5635	21.337
-64.3979	18.7983
-68.7181	25.8026
-69.6374	25.7309
-69.0102	20.1322
-69.2176	21.2088
-68.3943	18.89
-67.7715	16.1371
-67.1255	14.9632
-66.8212	12.6432
-67.3177	19.6512
-67.2886	16.4724
-68.4096	22.3603
-68.9746	19.1988
-69.8949	25.5293
-69.7068	20.8969
-69.6372	19.2409
-69.3821	18.3393
-69.0385	20.5359
-68.1126	14.5233
-66.0892	14.1251
-61.8299	14.5777
-57.794	11.0323
-56.9738	13.9431
-55.7179	13.0507
-54.1832	10.6346
-53.2565	13.7933
-53.9344	21.1963
-51.2205	28.8804
-50.6722	27.291
-50.9871	25.0141
-51.8747	24.7686
-52.2623	30.0744
-53.2399	18.8132
-56.5215	15.435
-59.1362	15.2412
-59.5335	14.0055
-59.4409	17.3537
-58.8295	16.6963
-58.4935	15.7187
-58.5148	17.6942
-57.5605	13.982
-57.2337	15.9735
-56.6175	12.6302
-55.6841	12.6674
-55.4477	12.5112
-56.1195	17.3222
-54.6243	13.9647
-53.0382	11.4997
-51.8315	13.1014
-50.907	13.1871
-52.0231	17.5875
-53.306	15.1344
-56.5622	13.6632
-60.0033	12.3179
-63.4403	17.2466
-65.5143	20.5399
-66.0301	16.7188
-66.4817	20.743
-65.9796	17.4322
-65.843	15.7894
-65.5194	16.2305
-65.0896	17.6889
-64.6027	18.7608
-64.1728	22.0907
-62.6043	14.9241
-62.8467	16.6279
-62.8171	17.276
-63.1092	16.7069
-63.802	18.5107
-64.613	16.6509
-65.566	20.6823
-66.1981	21.7798
-66.6802	22.6531
-66.2966	20.7847
-66.3969	22.0739
-65.7484	17.1125
-64.9731	18.1274
-64.4701	21.9823
-64.118	18.3377
-62.5138	14.4798
-62.0203	18.767
-61.4475	17.8511
-59.6787	13.7039
-58.2073	13.755
-56.8242	14.41
-55.8784	15.6195
-55.0769	13.843
-54.3046	14.5851
-53.7741	17.298
-53.183	13.7501
-52.4298	16.2907
-52.1959	18.4922
-52.263	26.0489
-52.2696	34.6894
-51.7298	31.0501
-52.0336	29.1036
-50.7211	32.0494
-49.7781	32.7584
-48.8475	27.054
-49.0403	29.2343
-49.3727	14.4996
-63.3056	20.7506
-66.1692	21.8378
-65.8413	18.7671
-65.843	17.8579
-65.0411	17.1276
-64.6607	21.504
-62.5004	15.5865
-60.9322	16.2888
-58.8599	13.0818
-57.8203	16.9945
-55.5705	11.7273
-53.6393	8.26321
-52.277	10.1324
-50.1521	14.0932
-47.4594	14.4289
-46.8328	19.6855
-45.1298	23.5287
-42.6349	26.2234
-47.0607	25.559
-49.8374	27.0295
-47.2741	24.9556
-46.8054	26.2944
-47.1802	25.3076
-46.7235	20.6524
-54.0738	14.1542
-60.8245	18.133
-61.1017	15.6118
-61.8675	18.8417
-62.2766	16.6178
-63.1669	19.7853
-63.3142	19.8556
-63.3367	18.7131
-63.5192	19.877
-63.4019	21.4089
-63.3104	19.2193
-65.1849	22.0455
-65.6933	20.3306
-66.7831	25.9886
-65.4405	19.7977
-65.6031	21.2509
-65.0076	21.4184
-61.2656	18.1103
-59.4816	16.718
-60.2021	18.5608
-58.3845	15.9394
-56.1708	15.4289
-54.0085	14.3631
-52.6104	15.493
-50.8875	15.7235
-49.6286	15.7813
-47.719	16.9228
-47.0172	20.329
-45.7741	23.2993
-44.4521	23.4095
-43.0308	28.2859
-42.438	25.1653
-42.1469	28.8581
-41.4445	29.0917
-41.2442	29.5305
-41.6691	28.4005
-40.7021	27.9989
-40.4444	26.2026
-38.2429	31.4309
-40.556	29.893
-39.6833	27.7932
-39.9218	30.1048
-40.5058	30.581
-41.9134	30.3064
-39.5911	33.9698
-40.1827	29.7328
-40.4757	27.64
-40.5468	28.1258
-40.5461	30.2764
-40.6156	25.3859
-43.7528	18.8281
-50.7027	14.9702
-54.2947	16.1656
-54.915	12.6438
-58.3482	17.7102
-59.2411	16.6974
-59.0999	9.73844
-63.5693	15.1766
-66.4771	18.2505
-67.1588	17.5465
-67.2963	18.249
-67.5337	19.6654
-66.2215	16.0313
-64.463	15.2656
-61.6584	16.0385
-58.8168	10.6424
-57.4283	15.553
-57.603	16.2819
-60.016	15.0075
-62.7172	14.9366
-63.1076	12.5068
-63.1873	14.8349
-62.4598	13.2378
-62.0267	14.3631
-60.0266	12.8596
-57.3245	13.5963
-55.1538	15.8046
-53.3743	18.0575
-53.0752	20.0878
-53.4549	22.5498
-55.0438	25.0179
-57.5404	25.3114
-59.5705	19.5311
-60.4475	17.5599
-59.7159	13.5246
-59.8521	11.6836
-60.0728	14.1747
-60.2332	12.4964
-60.467	16.3406
-59.4971	12.2148
-58.2204	11.6782
-57.1477	17.0262
-55.4169	19.1766
-54.2457	24.4436
-52.6488	30.2809
-52.3501	30.3594
-51.92	35.6062
-51.6717	26.3274
-50.5257	29.6311
-50.1558	35.8721
-50.7511	28.4521
-50.0409	32.8161
-50.1046	29.1397
-49.2191	24.7665
-51.0349	17.8869
-60.7623	13.0189
-64.8569	16.9621
-65.4125	17.7643
-65.1472	13.3227
-65.7875	15.2768
-66.8325	21.3417
-67.0488	19.4005
-67.1452	18.3811
-67.2193	15.3091
-66.9897	16.2318
-66.683	18.5459
-65.9653	11.2073
-64.9707	13.9295
-64.6651	18.9721
-64.3431	17.8039
-64.4455	19.0854
-64.6739	19.6092
-64.2124	11.2555
-64.4896	17.0837
-65.0554	19.3329
-65.0383	16.1146
-65.8512	20.7386
-65.7436	19.2195
-65.4753	19.6969
-65.1291	18.1454
-64.6742	17.5857
-62.5517	17.0412
-59.9971	16.5024
-60.1421	17.2049
-57.6644	14.0562
-56.0117	12.1933
-54.3006	14.048
-56.3111	19.8873
-53.5618	18.8357
-51.3749	23.7506
-49.5495	26.0712
-50.7072	28.7249
-51.9078	32.1542
-51.3031	28.7587
-51.5395	26.527
-52.0577	24.5405
-50.1186	29.1154
-50.2211	30.9746
-50.5212	26.9083
-49.7534	24.5188
-53.9014	12.0167
-60.107	11.7652
-61.1203	14.3031
-60.4102	12.1764
-60.5175	12.2149
-60.1601	15.6981
-57.7533	14.1414
-58.2203	15.2924
-57.6629	12.4687
-57.5741	16.1299
-57.6758	17.7952
-57.3035	12.8561
-57.4645	14.4191
-56.9822	11.7452
-57.2327	14.0674
-56.4821	12.0303
-56.2669	12.2249
-56.2575	17.4041
-54.9212	12.9107
-54.2809	13.7683
-57.1488	16.9072
-63.9582	21.5181
-67.4736	19.5411
-69.054	23.4592
-69.3198	23.7687
-68.8502	24.3689
-67.5457	20.1995
-66.3529	19.8171
-65.3292	25.3137
-61.9809	15.415
-53.6322	11.8764
-49.2988	12.1307
-49.0629	16.7921
-47.3822	15.7963
-47.9972	19.9019
-48.5979	21.9033
-50.2603	29.977
-52.3482	32.8386
-51.9316	26.9788
-50.6825	29.3215
-48.7119	25.1856
-50.2636	25.1635
-50.3957	21.9933
-57.1906	20.6202
-61.9328	11.9854
-64.1999	18.7889
-65.3663	15.9979
-66.3894	20.1433
-66.8181	21.6763
-66.639	18.5699
-65.7147	23.2151
-57.6115	18.1836
-49.2959	13.4454
-48.0047	15.8408
-45.8022	19.4863
-51.0265	31.7982
-53.7048	32.1382
-53.635	28.2895
-49.9614	21.9085
-59.7434	15.9726
-64.3818	16.309
-64.5017	18.7656
-63.5462	16.5653
-62.0354	16.7181
-59.6932	17.9611
-56.9593	12.9838
-57.5723	13.9796
-57.7973	12.9851
-57.972	14.3217
-57.9937	16.1659
-58.1819	15.4669
-58.2148	16.1249
-57.9165	15.005
-58.4136	14.4759
-59.1881	16.0091
-59.27	13.8633
-59.6321	14.062
-60.6361	21.2658
-60.3149	17.691
-60.1134	15.2919
-59.998	15.6579
-60.2322	15.4316
-60.0825	12.364
-60.4946	14.0033
-60.6582	18.0283
-59.3536	17.5827
-58.6199	15.2941
-58.6306	15.088
-58.7604	16.5717
-59.2698	18.6146
-59.0838	16.2209
-60.2953	16.8567
-62.7394	19.1575
-64.9004	18.0499
-65.9527	20.2971
-66.1285	19.9743
-65.7765	15.5867
-65.7466	19.2834
-65.2707	18.5712
-63.3132	14.9192
-60.5114	13.2787
-58.5788	15.2306
-57.6201	13.5846
-56.1104	12.1984
-54.4375	11.8416
-52.5537	10.5967
-49.9333	8.87977
-47.8776	14.1052
-45.1594	16.4211
-43.6708	24.9907
-43.5188	24.9795
-46.0143	22.0307
-48.7987	21.3654
-50.3913	25.1593
-49.3153	21.6604
-56.6911	27.9814
-61.1317	22.0286
-63.0476	19.0638
-62.7156	12.8116
-63.1157	20.185
-62.2967	16.151
-61.7788	11.5256
-61.2045	14.215
-59.7151	13.5051
-57.7615	18.3762
-57.3332	19.156
-55.9015	17.1429
-56.048	21.8334
-54.7635	21.4298
-52.7341	27.014
-52.5574	28.0556
-51.2684	26.3006
-50.6562	29.1244
-51.3742	19.0553
-52.262	22.3321
-55.728	16.983
-62.4261	17.1486
-63.3569	17.5583
-64.4015	21.6991
-64.7748	19.028
-65.0385	18.0297
-64.7162	13.3795
-64.3235	18.8599
-62.3487	15.5109
-59.4616	9.42061
-56.3615	14.7422
-52.2234	13.6968
-50.1263	23.0709
-49.1927	25.082
-49.6331	23.8675
-48.9409	29.7731
-49.7011	21.6633
-49.8228	25.1809
-49.4911	32.0385
-49.4181	34.6942
-48.8275	28.5687
-48.6929	29.8612
-48.0114	19.9939
-60.2963	15.2398
-64.9986	19.3673
-64.7169	18.5936
-65.2218	17.5224
-65.4505	16.9888
-65.4677	19.3965
-64.6223	17.0435
-63.1692	14.4842
-61.8141	13.0642
-59.5237	14.3398
-53.8843	10.9088
-48.6436	14.0184
-46.6736	20.7334
-45.0883	24.4453
-45.3226	24.3318
-46.4118	25.2604
-45.2162	24.241
-48.6954	17.0502
-54.9501	8.66281
-56.4843	9.61782
-57.6616	12.1863
-57.6379	9.14525
-57.1972	10.4504
-57.0186	12.1984
-56.6696	15.9391
-55.4309	10.1801
-55.3699	12.6054
-55.1162	12.1441
-54.3745	11.5873
-54.0144	13.2077
-53.1614	11.5658
-52.9917	11.0831
-52.668	8.32448
-56.524	10.7423
-59.8801	13.8783
-60.625	13.8532
-61.3789	13.8767
-60.7942	14.291
-59.499	16.8721
-61.6851	14.9621
-63.1368	16.0841
-63.8046	14.798
-64.2049	15.5259
-64.2954	14.7166
-64.7012	18.0446
-64.6686	20.6558
-62.847	19.1606
-58.9603	16.4755
-57.9854	14.0706
-58.9923	18.7207
-58.8164	17.307
-58.5838	17.2792
-58.2955	18.2788
-56.3605	15.4683
-55.463	16.2408
-53.5801	14.3637
-51.8587	14.4653
-50.3048	14.6119
-49.7101	17.9879
-47.7823	21.412
-47.2291	29.8945
-45.2839	28.4469
-45.6886	28.9323
-45.7179	31.0413
-45.5815	31.4832
-45.4374	26.6029
-45.7673	31.7081
-45.5358	33.8334
-46.0278	31.6607
-44.7512	33.3099
-44.4201	21.7217
-41.219	23.9061
-40.6269	27.4553
-40.9385	29.4949
-42.2414	27.2481
-41.5186	28.5111
-42.7243	29.8138
-43.3071	29.5708
-44.5422	29.9604
-46.0761	29.0898
-46.1076	23.9264
-46.8239	19.1975
-56.4546	9.47773
-62.2831	15.1323
-63.4421	11.5614
-63.9626	14.0904
-63.4825	14.9796
-60.724	10.4935
-58.6894	11.74
-58.9464	14.6159
-58.4713	13.9944
-58.4958	13.7194
-59.597	13.5219
-63.8147	11.2069
-65.2144	13.7458
-65.8251	15.7965
-66.3026	11.7835
-66.6908	18.1525
-67.3298	22.5467
-66.2337	12.5234
-65.9682	15.2733
-64.7105	16.1353
-62.7913	9.40408
-62.1408	12.6101
-61.7404	15.4303
-61.3182	18.0534
-59.7014	13.0874
-57.6531	13.901
-54.0543	12.8176
-53.3118	17.2348
-51.6173	19.6129
-50.8274	15.218
-50.6711	16.2444
-50.7456	16.7605
-49.7813	16.3346
-56.3272	12.2647
-63.3723	13.2867
-64.589	12.8288
-64.2906	10.2668
-64.8033	11.8016
-64.8766	15.0758
-65.1312	12.6184
-65.3451	14.7332
-66.5204	18.2061
-67.5456	21.5222
-67.4056	15.6373
-68.4523	19.3286
-68.8347	23.7353
-67.8842	21.2342
-66.7039	23.8561
-62.8745	15.9869
-59.5203	15.3273
-58.6235	12.851
-58.8442	15.2228
-58.1013	12.9885
-57.0109	12.3459
-56.0287	10.4118
-54.109	10.1726
-52.3373	10.7903
-50.8001	15.2431
-48.9104	21.8124
-50.4463	28.6375
-51.9083	24.3326
-51.8058	28.2314
-51.6869	24.3784
-52.1365	28.198
-53.513	26.0314
-51.6127	23.5965
-49.113	23.146
-45.118	24.4797
-43.5806	23.4571
-44.3137	26.9066
-46.6592	29.7446
-51.7442	21.2492
-60.9492	17.8236
-63.6008	10.8355
-65.0284	18.9275
-66.0143	19.2041
-65.6347	17.3855
-63.6909	16.1769
-57.5441	16.5972
-61.0181	19.0905
-67.8249	25.7917
-70.0521	23.6893
-71.1508	20.9596
-70.8358	22.7068
-70.7061	20.5686
-70.4397	19.2252
-70.8012	25.4214
-69.5539	19.3802
-68.3239	16.226
-67.4796	22.6015
-66.0937	16.2414
-65.6127	16.6167
-64.8892	20.2326
-59.3613	15.5694
-51.4612	12.861
-49.5958	15.0027
-48.2457	21.5682
-47.1592	21.5664
-47.1371	28.8595
-53.5727	27.5861
-55.8867	29.0299
-58.691	19.7304
-67.2596	19.8525
-68.9107	18.5761
-69.2908	20.5973
-67.6767	13.5375
-64.7424	19.9179
-57.6685	10.9599
-58.2261	16.8086
-56.4419	14.0075
-50.3661	14.117
-48.4243	19.3395
-46.9527	22.1676
-50.5736	26.741
-50.7841	28.2592
-54.6175	31.8386
-55.9761	27.6388
-55.1164	15.0663
-65.1947	13.0958
-68.0953	20.9722
-67.8287	19.5535
-66.9046	16.3491
-63.461	15.7836
-60.5381	16.0513
-61.0888	17.4173
-61.2817	17.0867
-61.662	19.7613
-62.9455	16.0271
-64.1273	12.8475
-67.3799	18.4427
-68.5256	22.3575
-68.6856	17.8651
-69.6	22.4257
-69.8911	24.0198
-69.7056	22.534
-69.3024	26.161
-66.7631	22.3309
-57.9653	16.7095
-51.8395	13.7066
-51.304	17.7025
-50.1951	22.036
-47.1175	22.9019
-50.09	31.2762
-54.6859	29.4736
-57.1313	22.7287
-60.3332	18.0281
-63.2906	14.4018
-64.1454	18.5169
-63.819	22.6902
-62.3932	18.457
-58.0407	15.2767
-53.3736	12.4538
-51.4191	11.9519
-50.9983	13.4342
-50.2235	12.173
-50.1293	13.2114
-49.4631	12.5439
-49.5921	11.3481
-50.527	13.2788
-50.3464	11.7258
-50.3625	12.543
-54.6629	18.428
-59.9586	22.9572
-62.2461	19.0358
-66.1911	17.5897
-67.5749	17.6083
-67.6125	18.3156
-67.4467	17.2293
-67.5587	18.6461
-64.8474	14.4268
-59.4959	11.5284
-53.2884	12.5263
-49.9846	15.0144
-51.3795	20.3994
-48.7869	24.7799
-45.355	21.9509
-44.6515	27.1313
-45.1711	18.2052
-51.0915	30.8494
-51.0916	30.6578
-47.4729	25.9891
-46.8267	22.1942
-47.0246	22.5562
-51.7457	13.1953
-59.1983	12.6768
-59.9023	12.5161
-58.1627	8.00189
-57.2914	14.2345
-57.3599	14.1105
-57.8334	17.401
-57.5272	12.2596
-58.0301	13.2918
-57.8445	12.9736
-57.9025	13.9922
-57.4304	12.898
-56.9095	11.224
-57.8759	17.7324
-57.0622	12.6523
-56.7753	12.2834
-59.8223	17.3807
-64.4442	19.5428
-66.3227	19.3883
-67.2572	23.3502
-66.9445	19.7319
-66.6356	19.7481
-66.5304	17.8664
-67.0563	21.4816
-66.6171	20.3475
-65.191	17.8148
-60.7748	14.783
-63.597	19.4451
-65.7787	20.2185
-66.5876	16.9347
-66.8065	20.7656
-66.8908	21.4397
-66.0723	18.1283
-65.5797	19.8512
-63.686	13.2557
-62.6801	15.4667
-60.2949	14.7129
-56.0703	8.20675
-54.0267	16.1836
-50.7441	22.4794
-50.1004	31.935
-50.2178	29.5623
-51.8985	25.8964
-52.3024	31.9493
-50.9083	30.4278
-50.409	28.2301
-53.1394	24.5771
-60.0394	15.3572
-64.0869	15.3476
-64.5216	17.6008
-65.2935	15.2331
-67.0945	24.9885
-65.7134	18.2716
-63.0962	14.7546
-55.8369	16.916
-51.8086	10.9312
-59.0426	26.4383
-58.594	25.2338
-51.7682	14.2194
-53.4537	16.4262
-59.4662	15.5994
-63.6207	17.7386
-65.3881	14.2577
-66.3702	18.6258
-66.941	16.1559
-67.106	16.0062
-67.31	18.2225
-66.1915	14.4481
-65.7465	17.7058
-65.1061	14.8595
-64.5462	18.2073
-63.4028	14.3786
-62.7842	18.4679
-60.4293	17.8071
-60.2192	17.9593
-56.7333	14.5883
-57.8336	17.9296
-54.7375	16.3792
-55.8649	14.9531
-53.5389	14.1902
-53.3647	13.1979
-52.0106	12.0032
-51.603	15.4359
-50.943	12.9312
-49.4706	11.0735
-48.1915	12.8724
-46.1385	14.0277
-44.4177	16.5468
-43.5392	20.4884
-46.8456	27.5374
-49.1765	35.5503
-44.3418	32.8212
-43.0034	26.3188
-41.6592	26.4566
-41.8528	29.2505
-41.8303	27.4021
-42.0387	29.1852
-41.3972	31.5197
-41.2241	28.0668
-40.8873	29.033
-38.8362	29.2626
-40.069	29.3369
-40.4115	29.5765
-40.4206	28.6026
-40.2915	30.4132
-39.0233	24.4186
-39.6696	30.0445
-38.9248	27.6768
-39.1189	32.2915
-39.703	29.5039
-42.8751	13.7962
-51.6149	12.1732
-57.878	12.1242
-59.5914	12.8902
-59.5727	12.3022
-60.2228	13.7009
-60.3171	14.8811
-59.259	13.9291
-58.6068	13.0061
-58.9308	18.1331
-58.1527	14.4884
-58.3365	13.7877
-58.3079	12.9089
-58.1872	13.6954
-57.7997	11.0574
-57.8096	15.2617
-58.8193	19.0648
-61.1886	17.2196
-60.1636	12.034
-60.12	12.2324
-60.7132	17.4446
-59.953	12.9566
-58.1154	12.3157
-56.3748	16.1322
-53.2871	18.4068
-52.4368	23.5263
-51.5163	27.535
-51.5324	32.2818
-52.034	31.0922
-51.2726	27.7635
-51.4566	31.0045
-50.4763	33.8531
-53.9697	17.6384
-63.7234	23.8254
-67.5805	20.8123
-67.8655	15.9987
-69.1619	19.5757
-69.7886	23.1608
-70.148	22.9274
-69.9242	22.6785
-68.313	22.7668
-66.7446	27.3885
-63.7044	13.8666
-59.6794	22.3362
-55.5094	14.5732
-54.7682	15.9661
-54.8141	14.0485
-53.6758	15.3143
-51.4192	12.2569
-50.4599	12.4271
-49.9271	13.5501
-48.707	12.366
-49.8557	20.8096
-54.9533	20.3259
-60.6135	20.5884
-65.7316	23.592
-67.7814	22.8935
-67.8695	22.9949
-67.5341	24.1757
-65.7676	17.8808
-66.7142	18.4597
-67.8075	24.7209
-67.5461	21.9115
-68.8263	26.1331
-67.934	19.9625
-67.1865	22.4469
-65.6909	18.1831
-63.9395	20.188
-59.2002	17.3694
-52.6842	14.0299
-48.2795	15.4674
-46.9201	20.7656
-49.0809	24.5177
-50.2548	24.2806
-47.6183	22.0013
-47.4053	21.8825
-46.448	21.9211
-47.5977	13.7556
-56.8233	15.5979
-61.8111	19.5838
-59.0566	15.9964
-58.8043	16.8235
-60.6223	16.116
-60.7595	17.0626
-60.9292	17.2317
-60.1298	12.8592
-60.5205	16.0178
-60.9887	16.2906
-61.0135	18.7072
-58.0747	14.6441
-56.8475	14.5969
-57.1663	14.8538
-57.7388	17.577
-57.8456	15.9407
-58.6332	19.6738
-59.2061	18.5218
-61.7335	20.0717
-63.0286	20.206
-62.9112	20.8566
-62.6878	18.5228
-63.0959	20.8476
-62.8673	19.1283
-59.5684	15.5694
-54.7692	11.8747
-50.7196	13.9691
-49.1978	22.7052
-48.4808	25.9827
-48.7579	24.8529
-48.3664	27.4605
-48.3887	26.9789
-48.2538	24.831
-49.1095	31.1633
-48.8282	27.7546
-48.2523	26.2479
-50.9418	22.0995
-60.4541	16.0966
-62.7897	16.9464
-63.5287	20.3517
-63.8241	20.1382
-63.4541	17.92
-63.7803	19.6198
-64.5319	20.8103
-65.1474	18.6448
-65.7403	20.713
-66.3674	16.4475
-66.6261	20.4976
-66.3183	18.2631
-66.4174	22.481
-65.388	19.4809
-64.7271	19.1253
-64.1276	20.0593
-62.6722	16.4737
-59.533	20.5833
-55.7023	22.2578
-59.4728	18.0567
-61.0341	18.0067
-58.5336	16.1942
-55.622	14.8457
-58.1892	17.881
-59.1067	16.1222
-58.9463	15.1952
-59.0751	15.8834
-59.4769	14.1055
-59.9403	15.5001
-58.8661	15.4987
-56.9403	13.5818
-56.0117	13.642
-54.8913	15.6908
-53.811	14.8405
-53.6913	18.3269
-52.7293	16.3362
-53.7881	16.1556
-54.0656	17.0223
-54.0033	15.4394
-55.3835	17.0765
-57.0445	19.0036
-57.0123	13.8842
-58.1185	14.8743
-59.5898	14.8843
-60.5007	16.0473
-61.6252	17.4284
-62.3999	20.3596
-62.3226	16.8573
-63.1808	19.17
-64.5017	26.0367
-61.6986	19.1839
-61.9389	20.1254
-58.1913	15.5909
-58.7749	20.4199
-56.05	17.8717
-52.978	17.8904
-50.4964	18.2395
-47.1347	15.9575
-45.5523	20.7352
-42.7441	22.9718
-41.3454	27.568
-40.4618	29.4834
-41.5732	29.1484
-41.3077	28.7992
-41.1292	29.1151
-39.6895	28.7127
-40.4265	28.1484
-39.9229	30.5281
-40.9296	27.6739
-40.5288	28.9684
-40.2081	26.7538
-41.9713	28.4695
-42.2804	29.1183
-41.9722	26.3207
-41.9805	28.9743
-41.4034	30.6193
-41.1566	30.3955
-41.3492	26.0633
-41.3169	28.2887
-40.9244	30.0818
-41.4783	29.0217
-42.2862	27.7516
-54.1049	25.617
-58.1785	24.2166
-51.334	22.7723
-48.4682	14.3537
-55.9809	11.1356
-65.7625	20.712
-66.0305	20.0611
-63.6184	13.465
-61.2407	15.3949
-59.0105	17.3722
-55.3764	15.0002
-53.0515	16.9073
-51.7217	24.6689
-52.4082	28.037
-52.0373	25.2026
-51.2402	28.3112
-51.1368	30.1492
-52.3827	17.7694
-60.008	13.924
-62.9212	15.1059
-63.875	15.2968
-64.4284	17.8039
-64.2644	19.1784
-64.1374	16.363
-63.1669	18.5465
-61.9772	18.3445
-59.3272	14.4372
-57.6642	10.1076
-57.6034	12.2822
-57.5378	8.22014
-56.9883	8.21222
-56.7347	8.44449
-56.0696	8.74148
-55.5767	9.89013
-55.1102	9.94464
-54.4639	8.6067
-58.8209	16.8909
-59.2593	21.059
-59.0863	20.6274
-61.8898	17.1881
-64.889	20.737
-66.4131	19.3662
-67.4685	20.3222
-68.1627	20.5627
-68.597	20.0122
-68.2285	14.2538
-68.0635	17.8005
-67.1603	17.8208
-66.2935	20.4398
-64.0106	12.333
-60.7865	13.078
-55.5953	14.6515
-51.1649	13.2359
-50.3647	18.6943
-48.0461	23.2851
-48.5796	21.6969
-55.6615	13.991
-60.4532	15.447
-62.7343	20.6637
-63.2644	13.9473
-63.5057	17.9912
-62.94	15.6036
-62.8197	17.9883
-61.9432	18.5151
-60.8926	14.3483
-60.4548	15.7992
-60.0261	16.9307
-58.5383	11.764
-57.8053	12.0243
-56.9427	13.3953
-54.711	10.2804
-51.5628	10.235
-49.3652	16.2931
-45.6361	18.0983
-47.1394	24.9272
-54.7399	28.6868
-55.7349	28.3796
-54.6709	18.468
-61.9341	14.7922
-64.6428	16.2077
-65.0695	17.8509
-64.6442	16.1444
-63.3327	16.0225
-60.9438	18.6383
-57.5067	10.4328
-57.6959	11.5065
-58.0395	12.9423
-58.5055	12.7785
-58.6281	12.235
-58.8864	13.9478
-59.0323	13.3295
-61.0403	19.1632
-63.1748	20.9734
-64.2467	18.0143
-64.6485	16.9098
-65.1886	15.9611
-65.2373	18.8862
-64.806	14.4641
-64.5098	14.6411
-64.2963	16.6649
-64.1766	19.7416
-62.8305	17.8737
-62.4477	16.2588
-62.3868	17.6168
-62.2701	17.6938
-62.5223	20.3633
-62.7284	18.515
-63.103	17.523
-63.7934	20.0972
-64.0778	20.4751
-64.2364	17.9806
-64.5662	13.781
-66.0662	20.2493
-66.9622	20.7788
-67.2955	19.8273
-67.1586	19.903
-66.45	20.006
-64.9804	18.6794
-60.7229	20.3505
-56.9149	11.845
-56.4376	13.7044
-54.9153	10.9556
-54.6633	11.6054
-53.5086	8.95005
-52.9876	10.6354
-51.9345	8.35882
-50.6664	9.57783
-49.8583	13.4654
-47.8267	14.3968
-46.0616	19.3197
-44.6768	22.9926
-43.1418	24.6835
-43.2092	28.2654
-42.6297	27.1203
-48.2661	21.3056
-54.6423	8.28535
-65.9591	16.2508
-67.3183	15.7629
-69.0521	15.0313
-69.6332	24.5045
-69.487	22.7177
-69.0814	20.6189
-68.3745	22.2298
-64.9738	17.5832
-55.5792	16.2237
-49.158	21.7899
-47.3533	25.9224
-46.1968	23.2127
-45.584	24.9015
-46.2023	28.1423
-49.3875	27.3096
-49.1043	24.3261
-50.7756	26.8243
-53.1541	25.5542
-53.5228	26.0585
-50.9835	26.9777
-49.0175	26.854
-47.271	30.654
-45.4246	28.4099
-45.8304	24.7753
-44.8329	23.314
-45.9933	26.7886
-46.6838	25.7775
-47.483	19.3337
-55.4123	17.2301
-59.3757	12.4417
-60.6267	14.0575
-61.4929	16.4005
-61.6291	14.66
-60.7838	12.3803
-58.0254	13.3478
-55.2053	14.4315
-53.8821	23.0109
-52.6511	26.2481
-51.6181	23.7558
-51.3258	22.5399
-51.5036	26.0293
-51.8618	23.9948
-51.418	28.8895
-50.6183	30.1749
-50.3725	23.9753
-54.4808	12.1496
-61.6363	17.9723
-62.3711	16.6865
-62.2788	14.3317
-62.7806	14.0777
-63.1582	16.6745
-63.4705	22.07
-62.5895	15.285
-62.7363	16.3001
-60.0115	12.9569
-53.986	9.43018
-52.6044	12.5985
-51.8046	10.596
-51.5175	10.6339
-52.0112	12.8617
-50.9607	9.71175
-50.0452	9.91694
-50.5336	13.9312
-56.0283	13.5448
-60.0056	17.4605
-63.6737	19.1721
-63.4227	17.9303
-62.5052	16.2907
-61.9012	15.0765
-60.496	14.0414
-58.3938	12.1841
-57.5651	9.9847
-59.9222	15.4103
-62.1777	18.9572
-63.7888	20.0311
-60.8965	17.7558
-60.9475	16.6175
-59.6098	20.0675
-57.8228	18.0963
-56.1259	15.241
-56.2388	16.4836
-56.0421	17.553
-56.2972	17.3607
-53.2111	13.3865
-52.2379	13.3344
-50.2926	14.0411
-49.6011	19.5389
-48.534	25.0314
-48.4437	28.7368
-48.6675	28.7155
-48.1915	30.5881
-47.6869	30.2584
-47.0665	26.9543
-48.3479	29.8192
-48.4034	29.6336
-48.5141	26.4566
-49.008	30.9094
-50.1215	25.346
-48.9673	27.6014
-48.2736	33.1855
-46.5585	30.4258
-46.3382	31.7682
-44.8448	27.1077
-45.0117	25.3742
-44.4457	29.344
-44.1786	26.7917
-43.2412	24.7462
-43.1863	27.8298
-42.9888	27.4066
-43.1196	29.6679
-43.5043	24.9134
-42.4943	23.1261
-40.1354	29.0411
-41.0744	26.7433
-41.4268	29.8614
-42.5418	28.5207
-42.0944	29.7815
-42.5184	29.9575
-41.4274	33.5305
-41.2994	30.8606
-41.2966	30.0151
-42.9437	30.405
-41.7138	29.8757
-41.2597	30.5789
-41.0713	32.0121
-41.234	29.0287
-41.5174	28.288
-42.0241	33.8716
-42.1335	29.0324
-42.112	29.4976
-43.2065	29.2557
-42.0332	30.5656
-42.9168	29.5893
-44.7034	29.3759
-43.2029	31.1313
-45.6327	23.8831
-46.2095	28.2323
-45.2682	27.694
-44.0093	25.0992
-47.6323	15.4365
-57.8955	10.1187
-61.7265	16.5985
-62.2131	16.382
-62.3577	15.7425
-62.3967	12.2883
-62.5952	13.6563
-62.0392	12.3912
-60.541	10.0188
-58.6105	11.8406
-54.5227	10.5407
-50.5883	15.0705
-47.534	19.3865
-46.4974	23.0405
-45.4252	24.9549
-44.8388	25.5873
-45.5873	19.4873
-55.3836	31.7489
-58.6118	29.6962
-56.4077	14.4249
-65.4515	19.8817
-67.5399	22.471
-66.9173	16.7213
-68.1728	18.927
-68.6348	21.8045
-68.2412	18.2886
-68.0514	18.1653
-67.8534	19.4338
-67.1375	17.5003
-66.6457	21.2244
-64.6077	15.8562
-62.8377	13.3144
-61.1669	14.1484
-59.8902	12.2234
-58.8903	13.706
-58.7956	11.6664
-59.0306	13.4273
-58.5526	12.6659
-58.4429	13.6961
-58.9666	12.8438
-62.6705	16.3127
-65.4102	18.625
-67.6339	24.5696
-65.916	18.571
-62.7057	17.6383
-65.4383	20.7005
-66.9199	15.0993
-67.9402	17.1802
-68.0647	21.3835
-67.2821	18.8714
-65.47	13.6128
-62.6874	14.7344
-58.6353	13.2796
-55.2912	12.69
-54.3557	17.3818
-51.9523	24.5914
-51.8344	30.9066
-50.5817	31.4724
-50.2038	34.0919
-49.5346	29.2871
-49.8954	27.2373
-52.544	15.8053
-62.9024	11.9139
-66.8443	19.3109
-67.0738	16.8858
-68.5448	20.9288
-68.0789	14.4293
-68.0258	20.8529
-65.3691	20.9261
-57.2527	8.40594
-56.5628	16.4114
-56.4269	13.4148
-57.3724	9.98943
-58.254	13.319
-59.3281	13.5134
-59.6072	12.19
-60.1919	16.472
-60.1868	12.0184
-60.8187	16.4812
-61.0327	15.073
-61.382	16.8716
-64.4374	22.3871
-66.9839	18.8158
-66.7721	17.9449
-66.3338	20.743
-64.6291	15.9688
-62.3899	13.5176
-59.2876	15.2761
-57.4912	13.1259
-56.6692	11.4563
-55.4558	9.06434
-54.4106	8.31611
-52.8994	8.23928
-52.7379	11.5694
-53.9306	16.935
-50.695	15.9286
-50.1647	16.5429
-50.9578	20.4897
-51.3487	23.4057
-52.4312	21.7365
-53.2149	17.1936
-55.0932	9.08341
-62.7899	14.2812
-65.3954	17.1813
-66.5946	15.1354
-67.2536	20.6156
-67.1586	21.0624
-67.0905	18.3415
-67.9785	21.0658
-67.9447	20.237
-68.0822	16.654
-67.6788	17.7963
-68.7868	24.6622
-68.5347	15.2512
-68.5817	19.8955
-68.2826	20.6411
-66.9885	18.6195
-65.9244	22.352
-63.8283	21.3469
-61.7357	22.805
-57.4406	17.464
-53.1689	18.1151
-51.0921	22.9352
-50.0701	28.3283
-50.5612	24.7724
-50.6479	27.3055
-49.8398	33.104
-49.7033	30.8099
-49.9498	27.0464
-49.468	29.0487
-52.416	14.9411
-63.2788	19.1951
-65.4286	18.6315
-65.101	20.157
-65.7149	21.0328
-63.0827	17.0561
-60.6568	16.2772
-60.307	16.5636
-60.0658	17.3053
-59.2172	16.4959
-58.0719	15.1303
-56.9663	13.0477
-56.0852	13.1346
-54.0049	9.95892
-52.2399	9.65686
-49.8492	10.1188
-47.5524	14.7861
-45.6996	21.9893
-52.2497	31.5094
-56.4667	30.345
-57.084	28.4252
-56.183	23.8843
-58.2926	20.5176
-61.2751	17.9567
-56.699	15.5028
-61.1366	13.5898
-64.5247	14.0932
-66.091	19.15
-66.6776	21.1334
-66.1148	18.1997
-65.7605	18.137
-64.8821	14.9729
-64.3021	17.0302
-63.5238	14.9014
-63.027	15.2444
-61.9611	14.385
-60.6254	15.8317
-55.6795	11.5039
-54.7432	14.9785
-54.2972	12.6606
-54.2866	12.156
-54.4718	13.6582
-54.1044	14.0217
-54.4952	12.6288
-55.7503	14.733
-56.4065	15.0788
-54.7704	12.7333
-53.9548	11.271
-54.4304	15.6215
-53.8414	13.1698
-54.1236	12.2818
-53.4524	16.2961
-52.0933	11.2142
-51.57	16.6245
-50.6156	17.216
-49.0679	20.6458
-48.9616	24.9406
-49.3681	27.2356
-50.2613	28.4872
-50.4535	28.5463
-50.2911	28.4601
-50.4881	27.495
-49.9977	28.8339
-50.6594	24.9669
-50.1743	26.0775
-49.0627	27.4736
-49.5361	28.6358
-48.9735	23.7181
-48.8343	24.0828
-46.9633	22.7282
-45.1354	20.1725
-45.7452	23.473
-45.3523	24.2326
-45.1282	24.5601
-44.4313	25.3929
-44.5298	27.5524
-44.2405	24.7685
-43.9097	25.0077
-44.3397	25.9407
-44.5933	22.993
-43.5945	24.6385
-42.2799	27.4739
-43.2601	27.7411
-41.0693	25.6202
-41.3097	28.4643
-41.0218	26.9896
-42.1451	28.2305
-41.2572	29.827
-41.1612	29.4939
-41.0006	28.9071
-40.9153	27.9345
-42.4009	23.1456
-42.3396	24.0399
-43.5682	31.1327
-44.2882	29.6405
-44.9522	30.2098
-46.9014	29.1272
-47.909	28.6789
-47.8142	34.9677
-46.8229	31.8605
-49.9291	21.4518
-57.93	16.4724
-61.3176	17.4995
-61.6291	18.7647
-61.6888	15.5039
-61.2395	15.6094
-60.2033	17.1122
-56.728	11.556
-55.6361	12.8464
-54.089	14.701
-52.4175	19.5962
-51.837	25.2618
-51.6896	24.67
-51.0245	30.1703
-50.7596	32.0431
-50.8044	29.0463
-51.7768	29.716
-51.9692	33.3312
-50.5148	27.8723
-56.7898	17.9893
-65.849	20.7644
-67.4833	17.3339
-68.1365	16.995
-69.2518	18.6283
-70.6334	25.7757
-70.2498	19.56
-70.617	22.892
-70.9337	22.1843
-70.9239	25.7736
-70.8724	25.8224
-70.4743	20.1172
-70.0591	18.8952
-70.4324	27.3832
-69.5247	16.5672
-69.0051	22.8041
-67.633	23.8208
-65.3686	19.8818
-61.9868	19.3406
-60.6746	19.5861
-59.5187	18.3766
-58.6464	17.3848
-57.4814	16.1128
-56.6355	16.3655
-55.702	15.3939
-55.0459	19.0098
-53.2857	16.4356
-51.7933	15.5218
-50.0159	18.8415
-53.5342	26.2976
-52.0209	27.8369
-48.1928	26.0461
-48.7991	29.2103
-49.7164	32.0204
-49.3979	30.4842
-48.9934	30.0698
-48.1344	31.1097
-47.1935	26.8562
-48.9351	24.7118
-50.4687	21.3293
-46.0415	23.461
-43.1565	26.0105
-42.3179	27.8949
-42.9085	29.3591
-42.2995	27.6248
-41.747	29.055
-41.3281	28.9169
-41.3367	28.873
-42.748	27.5084
-45.9525	19.3246
-45.7075	22.1276
-55.1033	10.5717
-60.2889	12.1867
-61.0959	15.3363
-60.7951	11.2199
-60.4352	13.51
-60.3309	16.9764
-59.3098	14.2967
-58.7545	12.4242
-58.6605	13.2433
-58.3095	14.2163
-58.1974	13.1702
-58.1425	13.5304
-57.4137	11.5593
-56.4214	10.641
-56.67	12.3971
-57.0292	13.7064
-57.0433	11.9666
-57.0367	11.3279
-58.0325	16.1013
-59.2409	16.8118
-63.5533	19.6017
-65.2243	13.417
-65.8603	22.1012
-65.8822	21.6838
-65.7825	17.3759
-66.2049	22.7989
-66.5446	24.1234
-66.407	23.001
-65.8966	19.7337
-65.9522	23.0379
-65.6196	20.9734
-64.4866	16.3717
-63.742	20.0138
-61.9883	21.3246
-59.6457	18.3826
-58.1921	17.4169
-56.1254	12.294
-53.872	15.5619
-50.9035	14.1662
-50.771	25.172
-50.075	29.3292
-48.9657	28.9173
-48.7661	30.2291
-47.5522	28.7037
-46.9505	28.4866
-46.6717	33.3023
-46.2618	33.4635
-45.3918	33.4353
-45.6256	33.3272
-45.6859	30.8707
-42.8481	29.4107
-41.2578	31.8678
-41.1449	28.751
-40.9971	31.1141
-41.0558	30.9326
-41.2567	33.5234
-41.0772	31.9341
-40.7417	32.4502
-40.6493	31.8395
-48.0145	23.2332
-51.4535	24.1103
-46.9858	23.7589
-50.3783	15.9386
-59.723	15.433
-63.6847	16.7139
-62.352	15.1645
-60.3657	12.4709
-57.0692	8.93275
-55.5028	9.69989
-54.8108	9.89875
-53.7339	12.6894
-53.3282	12.6966
-54.3117	13.5149
-55.4277	12.1936
-57.644	9.35637
-60.522	14.07
-62.9585	16.3073
-64.1072	14.8551
-64.6381	16.2377
-64.9757	19.3873
-64.4538	18.8397
-62.6127	18.8682
-55.243	14.6331
-51.1911	13.3572
-50.8637	12.6303
-50.481	14.9699
-49.116	10.6943
-49.1083	10.8914
-49.5204	12.4809
-48.7225	12.3293
-47.9526	11.2271
-47.9456	12.3118
-53.3957	21.0775
-57.2591	23.1561
-58.8122	23.0467
-59.8836	19.2341
-62.8232	22.3814
-62.7255	19.7674
-62.5061	16.0925
-62.7067	18.0784
-62.7049	20.0142
-62.1512	14.8807
-61.5521	13.7651
-61.7893	16.2172
-61.1354	14.276
-61.4521	14.4304
-61.234	12.3921
-62.5329	17.8476
-63.3638	17.6068
-63.8106	17.2018
-64.6233	19.7185
-65.0511	18.6713
-64.1419	15.8387
-63.8933	20.6358
-63.1684	18.618
-62.4748	19.0843
-61.0766	17.628
-61.2157	19.475
-59.2746	19.3191
-57.9679	18.3924
-57.7776	19.8797
-53.9821	14.6538
-50.4484	14.4465
-49.3853	19.2901
-48.4174	26.1251
-48.08	28.4472
-47.5102	29.3916
-45.9235	30.4837
-45.3555	32.6074
-45.3385	30.2981
-45.2299	30.2418
-44.9282	29.836
-45.9729	31.7443
-48.477	30.0806
-49.5704	27.4861
-45.7927	26.7352
-44.5828	26.8912
-43.3986	30.0514
-41.8748	32.4933
-41.8749	28.9336
-42.4331	31.8523
-41.8911	26.7993
-42.1036	30.8688
-42.6971	28.3768
-41.3907	28.4563
-41.6452	26.6878
-41.4989	26.6243
-41.2708	29.0548
-41.4155	29.9701
-43.594	31.7521
-44.2904	31.879
-45.187	25.8348
-47.8378	30.7023
-49.9743	26.8391
-52.5062	29.4435
-53.1443	29.1711
-53.1754	29.2742
-57.1659	12.512
-67.5304	18.9978
-69.2089	23.9067
-67.8064	17.5683
-68.0353	21.6627
-67.8553	20.5122
-66.9769	15.6693
-66.8018	16.5117
-66.6056	15.668
-67.2956	21.5453
-67.6233	20.4369
-68.5242	23.7907
-68.8223	21.2789
-69.0145	21.8376
-68.7539	23.6187
-67.2408	13.2461
-65.5027	17.1722
-64.0922	20.4959
-62.1757	15.5446
-61.8576	19.4044
-61.0096	14.461
-60.9154	16.0589
-60.2241	13.1963
-59.6252	14.5392
-61.1594	16.054
-65.0414	12.595
-67.774	22.004
-68.6416	21.0732
-67.3727	18.2251
-62.7911	17.9371
-65.1975	24.7775
-66.9096	21.2071
-68.4352	13.582
-68.9982	19.5723
-69.2678	22.9509
-68.5788	13.9247
-67.7574	22.2108
-65.7277	15.6232
-61.9879	15.0602
-60.1956	16.3985
-58.6839	13.9013
-57.796	13.4491
-56.4016	10.944
-55.0634	9.02437
-53.5566	10.591
-53.7324	15.5383
-54.5987	21.4719
-49.2337	22.9047
-49.4928	30.8438
-49.3697	31.2317
-50.7398	28.2399
-50.4677	33.7664
-48.5986	32.5463
-48.7951	26.3993
-50.9893	14.3281
-60.5909	17.3802
-67.3929	19.778
-67.9372	21.4761
-69.3522	25.018
-69.4739	23.6598
-69.4533	22.2313
-69.4945	25.656
-69.42	23.5121
-68.7639	17.113
-68.0724	17.4981
-64.8286	17.5577
-56.9937	16.5687
-50.7659	16.1868
-48.5925	19.7849
-47.3049	23.7436
-46.6789	28.5053
-50.1276	27.0277
-53.8601	13.4141
-65.3328	18.7946
-67.9699	23.8664
-68.2809	20.2573
-68.2043	18.1029
-69.3687	25.4847
-68.7983	27.1119
-67.825	21.9973
-64.9785	21.8537
-56.525	14.1469
-51.2401	13.9904
-50.8987	15.3221
-50.1566	11.8024
-52.5529	19.5506
-51.2856	22.859
-49.7858	19.1052
-51.1599	23.0084
-53.0583	17.6299
-56.4359	18.5143
-57.9206	11.6597
-61.4206	14.187
-63.3063	14.0057
-64.4541	15.8151
-65.1414	17.7168
-65.4195	16.526
-64.0766	15.8175
-59.8524	19.7787
-62.8098	19.2085
-65.4893	17.4699
-66.7813	19.5677
-66.9805	18.9798
-66.8183	18.4527
-66.3089	16.4996
-67.3035	25.3946
-66.2408	20.7365
-63.6858	16.9928
-60.6991	18.11
-59.2087	16.3853
-58.2408	13.8595
-56.8896	12.9059
-54.9617	10.8124
-52.3602	9.48128
-49.8063	10.8146
-48.1636	15.1838
-53.48	25.8016
-57.1566	31.7097
-55.7481	28.4951
-52.1641	21.2779
-56.933	11.4927
-65.3327	14.2511
-65.549	18.4977
-65.6981	15.6574
-64.6273	14.6521
-62.3036	16.1297
-54.929	14.9812
-49.1039	14.7524
-47.378	18.0915
-46.7408	23.2465
-44.8573	27.3314
-54.0702	19.9542
-59.8954	29.9012
-59.8036	27.4111
-57.4349	14.5111
-67.0634	17.8206
-67.8851	18.994
-67.3665	19.1246
-66.6571	15.765
-65.657	14.9796
-65.7214	17.1128
-65.6775	15.1725
-65.4775	18.3793
-64.3582	14.5442
-63.5033	13.351
-63.0614	15.4429
-62.0492	16.248
-60.1211	15.0922
-56.5089	13.468
-52.1319	12.4941
-52.3629	17.9069
-51.2804	15.4808
-53.4929	17.929
-58.5549	17.5619
-60.0139	16.1161
-62.1869	18.1804
-62.4211	16.7471
-60.2655	13.5166
-60.2499	16.1302
-60.05	13.2943
-59.918	14.3691
-60.0433	15.7424
-60.47	15.8659
-60.6586	15.5987
-60.5426	14.4267
-60.8317	14.5723
-62.4072	18.0847
-63.3055	19.2761
-64.0035	20.2354
-61.0594	15.7297
-60.8844	16.6803
-60.6118	17.0958
-60.4573	16.9767
-60.0994	21.5629
-58.3663	16.9962
-56.9921	17.6282
-54.7387	17.9595
-54.2543	17.8689
-53.2882	19.1755
-50.0934	20.6916
-49.6755	24.8942
-48.3762	23.8267
-46.9836	28.2226
-45.8218	30.9072
-43.787	26.2446
-43.2503	27.5045
-43.122	28.2744
-42.3576	29.6199
-42.7803	27.8093
-42.6884	31.2614
-42.4193	29.9613
-40.9492	29.2092
-41.2186	30.8585
-41.4081	30.9425
-42.6718	30.9239
-41.66	28.8599
-42.6635	29.2419
-40.9387	32.3277
-41.819	31.1688
-41.9802	28.9309
-41.5784	29.0292
-44.2771	32.9008
-41.8729	29.4697
-40.2072	28.6707
-42.1475	26.57
-42.1391	26.406
-41.7913	27.9963
-43.2169	28.4338
-49.7286	20.8735
-57.2009	16.9645
-60.9597	15.4893
-63.0058	14.4185
-63.9483	17.1365
-65.2643	18.857
-67.708	14.6584
-69.3848	21.2186
-69.5381	21.029
-69.4205	19.7783
-68.5536	22.579
-66.697	16.9023
-64.3867	15.8849
-61.0271	15.2768
-56.8249	13.5084
-55.2333	18.781
-54.5636	26.0919
-51.6117	27.2442
-51.3659	32.3246
-51.3683	31.0005
-52.1079	31.853
-51.9359	29.2306
-60.92	17.3389
-66.8883	19.2516
-67.5278	19.5194
-68.421	20.4896
-67.9028	12.0426
-67.6144	15.5482
-67.1767	20.4224
-64.3185	12.1186
-62.4969	18.2638
-61.8365	14.9449
-63.1569	14.0253
-63.9128	19.1156
-59.7608	12.6219
-49.8228	9.09581
-49.0059	17.9758
-49.1346	22.6021
-51.4309	27.5536
-54.784	28.1041
-54.1852	21.3153
-57.6349	19.221
-60.1014	16.3322
-61.7512	17.1854
-62.0789	15.3384
-62.1059	14.9978
-62.0994	15.4217
-61.9594	14.363
-62.2203	16.4049
-63.2462	18.3662
-63.9873	14.7168
-65.8878	13.7722
-66.7368	18.3228
-66.9737	20.4334
-67.0563	14.3743
-67.8458	21.9715
-67.0993	18.1519
-66.3966	17.7833
-66.2317	21.6268
-64.82	17.3403
-62.9237	15.5228
-59.7648	16.763
-56.656	16.6194
-55.0565	20.3487
-52.1879	22.1766
-52.0068	25.9784
-52.2748	26.3238
-51.7749	29.9753
-52.3858	24.2527
-53.3604	21.8999
-58.6785	17.2088
-60.8907	13.4991
-61.6671	14.0508
-62.803	16.8467
-62.8889	14.5067
-61.6	15.2585
-58.8199	15.2596
-57.29	17.4541
-57.6398	15.23
-55.8821	15.7985
-48.925	15.2184
-45.5049	20.5872
-44.2539	21.8276
-43.2801	20.3206
-43.0505	25.4177
-42.8848	30.6203
-46.1404	26.7862
-53.9999	29.8971
-55.5894	26.5315
-58.0792	10.7745
-66.2605	21.3851
-66.5495	18.6327
-66.1033	16.3345
-66.3617	21.5406
-65.7361	16.3374
-66.1762	24.7698
-63.8124	20.2076
-59.2583	18.7264
-53.6542	15.9996
-51.7548	18.2389
-49.1028	19.9268
-46.2284	20.166
-48.6783	30.4486
-48.6718	29.2088
-46.3692	29.6455
-47.088	26.3481
-47.5636	25.4805
-57.3682	18.4876
-62.5555	16.8569
-63.5504	18.3587
-64.2838	16.5805
-64.9466	18.1216
-65.4819	17.2084
-66.416	24.0954
-66.9075	22.4704
-66.457	20.8113
-65.8278	18.8184
-61.7524	12.5709
-51.6087	8.99963
-49.2199	13.9468
-48.589	16.3417
-45.2341	22.8428
-44.8776	25.488
-44.5445	25.5795
-47.6862	30.4308
-49.6433	24.6473
-49.2746	17.4497
-54.2193	13.5159
-61.1736	16.7719
-58.814	15.892
-54.0271	10.8844
-59.1644	16.3924
-63.4917	17.9624
-65.5397	18.1516
-65.6124	17.1434
-65.924	21.2091
-65.4672	19.3162
-65.291	19.7049
-64.8817	17.3226
-64.8589	18.8839
-63.9303	16.6221
-63.5025	18.4825
-61.0734	16.6099
-57.7041	13.5388
-56.7695	14.5091
-56.6895	13.8479
-56.5638	14.91
-56.3924	12.7935
-56.3353	11.9855
-57.2287	13.9317
-58.1502	15.8341
-58.1757	17.4714
-57.5293	16.1709
-56.7705	16.6765
-56.2509	16.5123
-55.2088	14.8223
-54.9452	15.9964
-54.2766	13.8945
-53.8287	15.0932
-51.4023	12.8186
-49.4207	12.7667
-48.839	18.3268
-48.3613	24.6592
-46.5692	29.3529
-46.5044	27.1464
-45.0519	28.9304
-46.0412	24.7363
-46.1734	28.047
-46.4492	29.7869
-46.4336	24.7477
-46.6762	31.4578
-46.4232	35.0866
-46.4482	31.4962
-47.2694	28.0248
-49.4812	30.3968
-45.9799	30.8872
-45.088	33.2227
-43.6348	32.9007
-42.9419	33.0986
-43.1872	30.6106
-43.259	29.9721
-41.988	30.5262
-42.3539	26.2726
-41.8318	26.5606
-41.963	33.6385
-42.2906	30.4514
-41.1692	29.5996
-41.2113	29.4898
-65.7217	16.3613
-67.7523	17.3746
-65.7017	17.7183
-62.3579	15.1749
-59.9351	10.5832
-59.6387	14.0091
-59.2692	15.3994
-57.7023	11.4795
-56.6732	14.6598
-52.5951	8.01316
-54.0432	18.1339
-60.899	29.1474
-63.3421	22.2007
-66.2683	20.5397
-63.7806	16.3953
-63.0855	11.1565
-67.4034	19.2957
-68.148	17.1981
-68.2053	14.8832
-68.5103	18.4975
-68.2266	16.9442
-68.0873	17.0656
-66.4024	17.9086
-64.3869	15.2467
-61.7504	15.0936
-59.3581	13.7278
-60.1509	15.6338
-60.4034	14.4355
-61.2853	18.6435
-62.5086	17.7793
-64.6573	16.6172
-65.9133	18.9685
-66.4696	20.4488
-66.0673	18.1347
-65.8628	14.5426
-65.8701	14.004
-65.7244	16.3532
-65.1458	12.7968
-64.954	11.6406
-64.6531	12.8037
-64.7652	15.7364
-64.6838	13.8586
-65.4949	14.8653
-65.2704	14.8312
-65.0844	16.7084
-63.8487	13.842
-63.1563	11.4709
-64.3195	14.4105
-65.1756	14.5463
-66.1515	14.0026
-66.6944	16.265
-66.9525	19.9264
-67.0754	18.5405
-66.9157	15.7038
-67.0144	17.5959
-67.4148	22.4003
-66.679	16.9935
-64.6161	16.9279
-61.3534	20.5931
-60.453	14.9522
-60.2112	12.6786
-60.2741	17.7138
-59.351	14.6589
-59.085	16.1376
-57.6938	12.4634
-56.5477	11.255
-54.9289	8.72568
-52.566	9.28767
-55.3954	17.8646
-57.3299	21.9541
-58.8506	21.6342
-64.46	18.7645
-66.3393	19.6657
-61.0806	19.083
-53.5182	22.3002
-57.7237	19.4586
-64.1735	18.7303
-67.4397	23.071
-67.9577	22.4695
-67.3221	12.2109
-67.3075	19.4631
-67.1321	18.6447
-66.2079	13.3484
-63.5245	13.6523
-60.8652	14.2543
-60.2896	18.932
-60.015	15.2034
-60.8214	18.551
-61.9389	15.3816
-65.3548	19.2316
-66.9453	21.5704
-67.0802	21.0914
-66.3974	17.4306
-65.3853	18.8771
-62.3778	18.2277
-57.2501	10.7135
-53.7672	12.9754
-50.38	13.6024
-47.7386	16.2264
-46.647	19.5865
-55.5988	32.4297
-58.2788	31.7594
-53.7986	18.5519
-60.8536	17.5925
-65.9633	18.6754
-65.1819	17.9666
-65.6862	19.8242
-63.2886	20.1454
-55.1972	15.6828
-50.7922	13.8983
-50.0637	13.8254
-49.7647	12.9758
-49.5813	11.7369
-49.3687	12.589
-49.6272	11.4163
-50.4802	13.4546
-50.1997	13.1045
-52.0612	15.7305
-54.2108	22.2483
-54.3066	23.0268
-55.5571	21.3857
-52.3015	21.0481
-52.5524	20.9577
-53.4549	15.6893
-60.3237	14.3589
-65.57	21.2317
-65.7251	21.6544
-65.3077	18.766
-61.9322	16.4632
-60.9629	14.5689
-60.0287	14.8123
-61.6928	16.961
-58.415	12.5977
-57.7054	11.917
-57.0169	11.5134
-57.9745	12.543
-56.2721	12.1982
-54.4839	12.6706
-51.0397	12.0075
-47.3333	14.1282
-44.7702	20.8345
-43.6404	26.1305
-42.8756	32.5965
-42.1877	28.7466
-42.277	26.0439
-42.5895	30.2306
-41.6366	28.1754
-41.4995	29.1895
-47.9371	19.2255
-57.4736	29.9622
-55.1798	28.5913
-52.3814	24.704
-50.5245	27.0414
-46.7901	28.4243
-47.0127	28.8073
-46.1532	23.3959
-44.1901	26.9948
-43.0378	26.1723
-43.4348	30.6795
-42.7906	29.3235
-41.9566	31.7566
-43.5368	27.4165
-41.2755	28.3689
-41.9564	31.5785
-42.576	28.7472
-39.3461	33.2508
-40.6036	30.9557
-40.5626	29.1212
-41.1358	28.7561
-41.6857	29.7859
-41.1709	28.8191
-42.0583	27.0062
-42.885	26.7955
-50.0493	19.4718
-62.1488	19.3263
-66.7054	17.733
-67.6155	18.8232
-68.3774	19.3092
-68.8915	20.1317
-69.5258	19.7724
-69.9344	22.3301
-69.5602	20.0312
-68.8534	17.4542
-68.2357	19.2295
-66.2977	12.2276
-65.0677	11.8335
-63.6285	12.0748
-62.1586	11.2806
-61.1721	13.0469
-60.6823	12.6235
-60.184	12.5623
-59.9854	15.5251
-59.2804	14.8962
-59.4304	17.582
-59.1095	15.8624
-60.9258	20.5504
-62.1983	12.9935
-64.3208	16.2179
-65.3962	15.6566
-65.5416	17.627
-65.3239	14.4374
-65.3113	17.2134
-65.6076	19.5891
-65.2033	14.122
-65.516	16.2334
-66.2615	21.1268
-66.59	20.8528
-65.9643	18.0287
-63.3277	18.1721
-60.4299	22.3958
-57.6356	16.9268
-58.0941	19.1148
-59.3343	14.757
-57.883	14.309
-57.7159	13.9313
-58.419	18.8626
-58.5691	16.9328
-58.6031	14.3935
-59.2515	12.5415
-63.4907	22.588
-64.7638	12.2706
-66.5234	21.4419
-66.6979	21.8525
-66.2409	17.4725
-66.3037	20.1905
-66.3326	17.4876
-66.4347	19.201
-66.9298	22.1569
-66.3349	19.0492
-65.7905	16.8055
-65.022	18.8454
-63.0885	13.5597
-61.1995	14.2745
-57.5747	13.3776
-53.2767	15.8334
-51.2413	23.7174
-50.5246	19.865
-49.984	25.29
-51.1464	33.1885
-51.4588	23.754
-51.4086	31.0395
-52.5383	31.3309
-49.7312	33.2963
-48.8131	21.3837
-55.8899	15.1891
-60.1651	16.3215
-58.947	14.057
-59.0104	17.418
-59.1989	14.7328
-58.8796	14.7725
-58.4774	14.6686
-57.5804	12.4196
-55.7599	12.4278
-52.7558	11.6047
-48.7069	12.3567
-45.8714	16.4814
-49.384	20.8259
-55.1772	19.9936
-53.9679	16.3685
-63.2565	17.0923
-65.5942	18.4791
-65.1183	16.8419
-64.9461	18.3284
-63.4847	18.3247
-60.0483	16.6002
-55.9621	15.7609
-52.6592	16.9363
-51.7515	26.6676
-50.9603	27.9791
-50.6232	32.3276
-49.5556	27.5862
-50.8628	29.5604
-49.9184	26.6646
-52.3879	17.2311
-62.4414	19.763
-65.1199	17.9051
-64.5001	17.3869
-64.0225	18.5797
-61.1938	16.724
-55.7697	14.6399
-49.9721	14.5664
-47.6388	17.6226
-46.0955	20.0366
-43.8753	23.3719
-42.6549	27.0782
-43.0813	27.4972
-47.8063	28.2785
-51.175	25.225
-46.3166	21.0327
-61.2839	20.7651
-66.2705	21.5513
-66.43	22.0896
-65.7408	21.9524
-63.2981	18.8009
-58.2424	10.2453
-58.5941	14.592
-59.326	18.6079
-58.9024	20.1022
-58.5982	17.4732
-57.8518	12.6115
-57.5287	13.5104
-56.4063	13.02
-56.5274	13.0293
-55.5484	11.8792
-52.6641	10.6541
-50.8714	16.1547
-50.2963	16.1499
-48.3137	21.2221
-46.6431	21.4485
-44.873	28.4665
-44.1961	26.7463
-43.9379	21.1402
-48.8323	10.5128
-57.1923	17.9025
-58.4023	14.4602
-59.5802	14.9091
-60.6479	14.3063
-61.9326	15.6154
-63.0943	18.1752
-62.6244	15.0132
-61.9171	17.9867
-60.4205	17.1047
-56.5163	9.7725
-54.1271	13.9235
-52.3002	18.0266
-50.4692	23.4636
-50.5052	33.205
-50.4233	22.9134
-51.2789	26.2113
-51.4321	31.5419
-51.3741	27.8665
-50.4367	32.7734
-49.8274	27.7739
-47.7166	28.0206
-50.4825	19.2412
-55.4932	10.27
-58.3316	12.9773
-58.4913	13.5247
-58.9452	13.6431
-59.4046	15.6239
-59.4304	15.5073
-58.4486	14.1423
-57.3322	12.9855
-58.434	15.8409
-59.9695	17.7063
-62.087	20.663
-63.1938	20.2428
-63.9824	19.4834
-64.6174	21.7716
-64.8542	22.2448
-64.763	20.7579
-64.852	22.667
-64.4695	20.718
-64.0484	19.6713
-64.0289	21.2086
-64.5506	21.4693
-62.7753	18.6575
-61.307	16.7636
-58.4313	15.407
-59.1665	18.2345
-57.2968	16.4862
-55.9866	14.3492
-56.4728	16.3159
-55.6411	14.8209
-55.2966	16.2278
-54.4466	14.1668
-53.2537	16.8932
-51.0828	14.7867
-50.2657	19.3854
-48.5129	21.6817
-37.6361	31.44
-40.3696	30.1507
-40.9348	28.4049
-42.594	21.9292
-49.7705	15.0364
-57.4165	13.0109
-61.0097	15.9601
-61.2144	16.3353
-61.6656	10.4827
-62.3875	14.9878
-62.6824	15.6234
-59.9922	15.7825
-59.5007	12.2238
-61.1831	20.5879
-61.9975	19.1565
-62.9265	17.4156
-66.6019	20.5633
-67.367	16.7397
-68.4567	17.7808
-68.7508	20.1393
-68.2954	22.3111
-67.4663	23.3648
-66.9267	20.593
-65.0537	18.9965
-62.6473	17.8646
-59.3457	17.5785
-54.4314	16.1046
-50.6199	15.0064
-48.3113	23.9776
-47.5205	23.378
-57.5772	28.9502
-60.4361	21.4842
-63.7708	22.7043
-65.2378	22.6388
-66.2775	13.2097
-67.7429	21.2075
-68.2968	22.1662
-67.5675	15.4232
-65.4556	15.2766
-62.0168	15.2289
-57.0828	11.7846
-53.9519	18.3791
-52.5173	20.654
-53.4969	26.5801
-54.2217	28.3942
-56.692	21.275
-60.1058	18.4971
-60.6579	18.5768
-58.626	13.201
-55.928	12.2715
-52.5066	10.5201
-51.2193	12.5289
-49.565	10.1356
-50.6584	13.5552
-57.3453	16.8562
-64.0202	14.5668
-66.8752	17.0776
-67.2751	16.8037
-68.0672	15.5085
-68.7501	21.8164
-67.5339	19.7859
-63.0723	15.7529
-63.578	14.955
-65.3422	16.9706
-62.9675	16.929
-54.777	12.2361
-50.8545	13.0449
-49.0637	14.5362
-48.3942	16.0985
-46.6029	18.6449
-44.9402	19.4037
-46.2567	23.5838
-46.0812	18.1213
-48.9369	14.7093
-53.9823	11.7532
-57.8527	11.6511
-61.1404	15.4418
-62.3388	15.5044
-62.9337	12.598
-59.9102	13.3033
-51.8868	11.6472
-48.8306	13.2336
-48.69	16.152
-56.1845	27.9844
-56.553	31.238
-55.2347	28.7855
-51.9124	21.7223
-54.6472	12.4357
-66.6131	18.8781
-67.4713	17.6673
-67.6907	16.3387
-66.9337	17.5458
-66.2565	15.8765
-65.5393	20.2197
-63.2965	16.082
-61.1415	18.6421
-59.3182	13.0064
-58.5694	14.5381
-57.2233	11.0033
-55.7837	11.3231
-52.5453	8.20796
-53.9385	18.0273
-52.619	25.154
-50.3052	27.3543
-51.5889	26.7613
-50.8739	31.2271
-51.7512	29.2117
-56.3485	12.0197
-62.5939	17.5011
-64.1648	15.5726
-65.7037	20.5454
-65.8858	17.543
-66.3924	17.6509
-66.764	19.1795
-66.5134	18.7152
-66.4234	17.9785
-67.1953	21.498
-67.3325	17.3376
-68.0464	19.4971
-68.0591	20.4845
-67.8859	18.8764
-67.4337	22.3923
-66.477	21.5166
-65.2659	20.3958
-63.2189	17.8808
-60.9074	14.533
-59.22	17.3279
-58.4143	14.1793
-57.5034	12.0414
-56.9337	10.9068
-54.9346	9.73155
-51.6042	10.5409
-48.4739	10.9446
-46.4436	17.2961
-47.22	13.0636
-55.0733	29.0803
-57.7301	27.3966
-63.588	21.5708
-69.0122	23.6957
-67.9119	16.8727
-67.7451	16.7075
-68.0742	20.1726
-67.8381	19.5817
-66.8005	19.0449
-62.0846	19.9605
-64.5637	18.88
-66.855	20.8442
-65.9008	19.1282
-62.5408	16.9105
-58.1512	15.0947
-56.7654	13.3184
-56.8654	13.9366
-58.4773	14.8954
-61.3101	17.8708
-63.8938	20.3435
-64.9377	17.2154
-66.1201	20.4141
-66.5156	19.4522
-66.5056	19.9431
-66.4593	19.0506
-65.8705	18.0059
-63.9236	17.6476
-60.0868	15.0424
-58.9167	15.9189
-58.8351	16.3052
-58.6143	15.1856
-58.2059	14.8507
-58.9497	14.926
-59.7624	17.8723
-59.5609	15.4632
-60.1348	15.0994
-60.6239	14.9517
-62.367	20.8345
-63.2087	19.0814
-64.4023	18.8644
-65.6909	21.8169
-66.5542	18.8153
-67.2037	19.4624
-67.9744	22.2645
-68.1538	20.6862
-68.0492	19.0857
-67.2832	21.2622
-66.3774	20.8233
-66.5906	22.3768
-66.9174	22.2217
-66.8487	21.2129
-68.0073	20.1917
-69.1965	20.499
-68.994	21.5537
-67.858	14.7532
-66.669	16.6475
-65.3505	17.1754
-63.2587	10.3819
-61.8169	11.9552
-61.2331	17.4005
-60.1285	14.6772
-59.5464	14.2406
-59.549	14.2557
-58.1964	12.9794
-57.9004	15.2413
-57.2183	13.9991
-57.0073	13.6087
-56.7967	14.8921
-56.2833	14.5412
-56.3261	12.7774
-56.7438	13.5195
-57.9851	16.4472
-59.5754	18.6853
-60.7898	19.2801
-62.3785	17.03
-63.4754	17.6728
-64.6228	21.3053
-64.0498	17.8375
-63.5993	18.9605
-62.5899	21.642
-59.1714	14.0662
-55.9215	13.4819
-53.0208	17.4929
-53.6789	25.532
-52.4531	24.0973
-51.9082	26.0731
-51.5852	29.8594
-51.478	34.8886
-50.7316	31.7541
-51.5199	26.6483
-52.3251	26.9367
-51.7973	25.2172
-50.4522	26.4095
-50.7416	19.8949
-56.0761	16.126
-59.1956	14.7942
-57.1261	11.9519
-56.1377	12.6464
-54.9564	12.5201
-54.9018	14.135
-54.3639	13.2517
-55.8842	15.6915
-58.2937	14.7684
-60.1217	17.3787
-60.9683	15.1677
-61.3231	14.9806
-62.2024	16.8759
-63.3212	17.6895
-64.6312	21.1095
-65.3426	17.547
-65.4641	17.6838
-65.9853	18.1711
-65.8864	19.0547
-64.9205	15.437
-64.3746	17.0176
-63.179	16.5118
-56.5292	13.2362
-49.9097	14.2514
-47.4192	19.7027
-45.3757	23.1522
-48.3565	28.6716
-53.8657	30.4725
-53.9026	26.8623
-50.5253	24.1606
-49.0071	21.2131
-50.685	13.7548
-58.1736	14.2641
-60.7687	17.1754
-60.1191	15.4233
-57.8833	15.0675
-54.963	17.3793
-55.8047	23.6012
-49.64	24.8638
-46.317	26.1711
-45.2259	26.617
-47.4251	27.4785
-48.0947	29.0898
-49.9042	21.709
-50.3489	21.9256
-50.2786	26.2768
-51.0508	23.4842
-53.2431	23.9407
-54.4834	19.093
-54.0974	20.2785
-53.6329	19.9131
-52.2736	23.139
-51.7312	20.2512
-50.4889	18.0936
-49.3265	25.4389
-48.2523	26.1627
-47.4453	27.6542
-47.1001	28.0601
-46.5719	24.0039
-44.2736	26.7799
-42.9769	29.431
-42.0744	27.2833
-42.013	25.7005
-41.8055	28.2452
-42.1151	31.5079
-41.3781	26.2007
